2 0.16256666666666666 0.2585 0.1338 0.13365
5 0.3621 0.259325 0.14953333333333332 0.1353
12 0.12969999999999998 0.42105 0.13473333333333334 0.142075
6 0.7076 0.451875 0.20166666666666666 0.153775
1 0.43370000000000003 0.467725 0.2094 0.168775
0 0.3116333333333333 0.6023499999999999 0.15973333333333334 0.14635
14 0.5985 0.611925 0.13903333333333334 0.12385
15 0.8856666666666666 0.61775 0.19116666666666668 0.11885
11 0.2885 0.802425 0.1801 0.19649999999999998
9 0.5719666666666666 0.8166 0.17483333333333334 0.22485
7 0.8654666666666666 0.835775 0.18406666666666666 0.246525