8 0.28697500000000004 0.36043333333333333 0.15585000000000002 0.22310000000000002
3 0.762325 0.36243333333333333 0.15655 0.1693
0 0.80585 0.5778333333333333 0.113575 0.169
1 0.6492749999999999 0.7956666666666666 0.11044999999999999 0.23136666666666666
4 0.827975 0.8417 0.12117499999999999 0.1856
2 0.45039999999999997 0.8452666666666667 0.11935000000000001 0.24606666666666666
6 0.25005 0.8603666666666667 0.175275 0.22296666666666667
14 0.28975 0.11969999999999999 0.1114 0.16383333333333333
11 0.474575 0.14193333333333333 0.141 0.1905
5 0.7742749999999999 0.16036666666666666 0.140425 0.14293333333333333
15 0.535025 0.3277333333333333 0.141925 0.15326666666666666