11 0.408375 0.44576666666666664 0.09195 0.12713333333333335
3 0.54225 0.45580000000000004 0.07305 0.14266666666666666
0 0.6615000000000001 0.466 0.078225 0.11866666666666667
15 0.545775 0.6069333333333333 0.06342500000000001 0.14276666666666665
9 0.2756 0.6131666666666666 0.1164 0.15523333333333333
4 0.661125 0.6238333333333334 0.060825 0.12323333333333333
8 0.418825 0.6307333333333334 0.099525 0.14146666666666666
1 0.6646500000000001 0.7847666666666667 0.09785 0.14286666666666667
2 0.51715 0.8094666666666667 0.11285 0.16113333333333335
6 0.28504999999999997 0.8241333333333334 0.175275 0.12823333333333334
14 0.27947500000000003 0.2728333333333333 0.10085000000000001 0.1457
5 0.6479 0.30596666666666666 0.097675 0.1186