4 0.7685500000000001 0.4353333333333333 0.115625 0.15513333333333332
2 0.598175 0.4698 0.153025 0.17513333333333334
11 0.4341 0.4878 0.14675000000000002 0.17116666666666666
9 0.258175 0.5188999999999999 0.161575 0.14450000000000002
1 0.8378749999999999 0.6278333333333334 0.13765 0.1757
8 0.465675 0.7127666666666667 0.166575 0.1944
1 0.23670000000000002 0.7412000000000001 0.178625 0.19796666666666668
5 0.6833499999999999 0.16813333333333333 0.101925 0.09183333333333334
15 0.5542750000000001 0.24926666666666666 0.113775 0.1608
0 0.703725 0.2930666666666667 0.128575 0.11946666666666668
3 0.4167 0.3168666666666667 0.12195 0.13593333333333335
14 0.24855 0.32553333333333334 0.129 0.1755