4 0.31475000000000003 0.43889999999999996 0.17804999999999999 0.18003333333333332
13 0.7210500000000001 0.5080333333333333 0.187275 0.1983
11 0.504925 0.5669333333333334 0.145075 0.205
0 0.17467500000000002 0.6136333333333334 0.16787500000000002 0.2717
14 0.8822249999999999 0.7519 0.18635000000000002 0.23709999999999998
7 0.625575 0.8174666666666667 0.18637499999999999 0.2305
15 0.402175 0.8319333333333334 0.1562 0.29050000000000004
5 0.163925 0.8792666666666665 0.199725 0.20296666666666666
6 0.66985 0.091 0.13155 0.18203333333333332
8 0.49245 0.10033333333333334 0.12342499999999999 0.13846666666666665
1 0.336525 0.22193333333333332 0.1449 0.19056666666666666
2 0.5279 0.28819999999999996 0.127675 0.18969999999999998