11 0.45299999999999996 0.34486666666666665 0.077875 0.1475
9 0.29985 0.39066666666666666 0.14825 0.1413
12 0.764175 0.3997666666666667 0.103575 0.1373
7 0.6542749999999999 0.472 0.10045 0.15293333333333334
2 0.5179 0.5153666666666668 0.147675 0.1374
10 0.8619499999999999 0.5825 0.10244999999999999 0.1561
13 0.35652500000000004 0.5847333333333333 0.12825 0.16943333333333332
15 0.728625 0.6398333333333333 0.112475 0.1908
1 0.7257750000000001 0.6529666666666666 0.13117499999999999 0.15036666666666668
8 0.594375 0.7021 0.113975 0.20863333333333334
6 0.41652500000000003 0.8072333333333332 0.1949 0.20113333333333336
5 0.6392 0.12413333333333335 0.1073 0.11936666666666668
15 0.520675 0.1608 0.111 0.15273333333333333
3 0.4054 0.18146666666666667 0.11602499999999999 0.15406666666666666
14 0.260775 0.2095 0.1201 0.14786666666666667
0 0.69845 0.24973333333333333 0.0821 0.11723333333333334
4 0.581425 0.30863333333333337 0.08805 0.1417