11 0.45865 0.38643333333333335 0.069175 0.1462
9 0.350675 0.3971 0.09325 0.14976666666666666
4 0.53855 0.3991 0.0986 0.13153333333333334
0 0.645575 0.4044333333333333 0.09452500000000001 0.12443333333333333
2 0.458275 0.5297999999999999 0.098425 0.12626666666666667
12 0.66235 0.5304666666666666 0.09210000000000002 0.13206666666666667
7 0.552625 0.5331333333333333 0.09897500000000001 0.1374
13 0.34159999999999996 0.5447 0.0751 0.12496666666666667
1 0.556325 0.6798666666666667 0.107125 0.14636666666666664
8 0.46595 0.6814 0.057125 0.13616666666666666
10 0.6513249999999999 0.6816333333333333 0.116725 0.13213333333333332
6 0.345125 0.6956333333333333 0.112125 0.1646
14 0.3518 0.24060000000000004 0.052125000000000005 0.1212
3 0.43975000000000003 0.25373333333333337 0.09657500000000001 0.09853333333333333
5 0.6646500000000001 0.26016666666666666 0.074525 0.14256666666666667
15 0.547625 0.2664 0.088225 0.123