9 0.15412499999999998 0.35 0.216775 0.26886666666666664
11 0.37272500000000003 0.3793333333333333 0.16065000000000002 0.27423333333333333
0 0.7728 0.38733333333333336 0.1408 0.23689999999999997
4 0.57975 0.40180000000000005 0.13805 0.26136666666666664
13 0.13635 0.6521 0.22122499999999998 0.25526666666666664
15 0.796875 0.6621 0.152275 0.23526666666666665
7 0.5903 0.6656333333333333 0.132475 0.2246
2 0.38345 0.6696333333333333 0.19879999999999998 0.25930000000000003
6 0.13485 0.8959333333333332 0.2216 0.18739999999999998
1 0.59595 0.9008 0.17045000000000002 0.1883
10 0.7988249999999999 0.9019333333333333 0.21059999999999998 0.18606666666666666
8 0.37365000000000004 0.91 0.1925 0.18
14 0.157275 0.09636666666666667 0.18975 0.1927
3 0.36810000000000004 0.11593333333333333 0.19065000000000001 0.23183333333333334
15 0.586325 0.14303333333333332 0.16117499999999998 0.2416333333333333
5 0.787425 0.14903333333333332 0.1634 0.20473333333333335