7 0.5085333333333334 0.311 0.1202 0.138675
15 0.7310666666666666 0.31495 0.13746666666666668 0.117425
11 0.11796666666666666 0.32935000000000003 0.12796666666666667 0.12535
9 0.1875666666666667 0.461875 0.1616 0.090425
5 0.4170333333333333 0.47375 0.16496666666666668 0.110025
13 0.8568333333333333 0.475 0.16676666666666667 0.0875
0 0.28833333333333333 0.59755 0.16313333333333332 0.115925
8 0.7373999999999999 0.609425 0.13346666666666665 0.11885
4 0.3781333333333333 0.74405 0.16496666666666668 0.1131
14 0.6375333333333333 0.7636499999999999 0.19486666666666666 0.127275
1 0.5013 0.890975 0.21680000000000002 0.1361