1 0.0805576923076923 0.2377758620689655 0.04208653846153847 0.06962068965517242
8 0.9295384615384615 0.754 0.04338461538461538 0.0755
13 0.9477115384615384 0.5121034482758621 0.039634615384615386 0.0736896551724138
2 0.7965865384615385 0.3405 0.04401923076923077 0.0832758620689655
4 0.5998076923076923 0.9064137931034483 0.042298076923076924 0.07863793103448276
7 0.9437403846153847 0.6621724137931034 0.04020192307692308 0.07293103448275862
5 0.718201923076923 0.41608620689655174 0.03904807692307692 0.07001724137931034
11 0.6050096153846154 0.48687931034482756 0.04017307692307692 0.06558620689655172
10 0.06304807692307692 0.47467241379310343 0.03917307692307692 0.07143103448275862
14 0.24244230769230768 0.8177413793103449 0.03708653846153846 0.06156896551724138
15 0.1943653846153846 0.8085 0.03433653846153846 0.06774137931034482
12 0.23317307692307693 0.5751206896551724 0.03502884615384615 0.06896551724137931
9 0.0971826923076923 0.698896551724138 0.037778846153846156 0.0603448275862069
6 0.05975 0.6040689655172414 0.03708653846153846 0.0726551724137931
3 0.25 0.6607068965517241 0.038461538461538464 0.0701896551724138
0 0.9254807692307693 0.5923620689655172 0.04601923076923077 0.07389655172413793