3 0.40125 0.5805172413793104 0.03933653846153846 0.07374137931034483
5 0.42235576923076923 0.15082758620689657 0.03945192307692308 0.07660344827586207
7 0.7399711538461539 0.580655172413793 0.037961538461538456 0.07175862068965516
1 0.467 0.46694827586206894 0.04066346153846154 0.07241379310344828
9 0.3522019230769231 0.5825344827586207 0.03639423076923077 0.06905172413793104
11 0.3526634615384615 0.19058620689655173 0.03733653846153846 0.06417241379310344
2 0.5850384615384616 0.27549999999999997 0.040365384615384615 0.08229310344827585
6 0.24050961538461538 0.495051724137931 0.03869230769230769 0.07046551724137931
10 0.3104423076923077 0.4152068965517241 0.03947115384615384 0.07093103448275861
15 0.43702884615384613 0.6239137931034483 0.03770192307692308 0.06820689655172414
13 0.6771538461538462 0.4833793103448276 0.03714423076923077 0.062327586206896546
0 0.6352307692307693 0.46929310344827585 0.03917307692307692 0.07712068965517241
4 0.5991923076923077 0.9045172413793103 0.04216346153846154 0.07991379310344827
8 0.7194326923076924 0.6958103448275862 0.03365384615384615 0.0566551724137931
14 0.5147692307692308 0.5886724137931034 0.03227884615384615 0.06403448275862068
12 0.3499326923076923 0.45074137931034486 0.036403846153846155 0.07881034482758621