3 0.5383461538461538 0.6927068965517241 0.03766346153846154 0.07255172413793103
7 0.63775 0.714551724137931 0.03619230769230769 0.07039655172413793
11 0.595798076923077 0.518448275862069 0.03789423076923076 0.06286206896551724
9 0.5622019230769232 0.4035862068965517 0.03772115384615384 0.06846551724137931
10 0.6100288461538461 0.431051724137931 0.03989423076923077 0.07393103448275863
6 0.5069903846153846 0.38605172413793104 0.04196153846153846 0.08089655172413793
2 0.7528846153846154 0.2036551724137931 0.040442307692307694 0.08012068965517241
13 0.7930865384615384 0.5982758620689655 0.03893269230769231 0.07089655172413793
1 0.5699423076923077 0.3319655172413793 0.037778846153846156 0.06843103448275861
12 0.6768557692307692 0.47967241379310344 0.037778846153846156 0.0726551724137931
5 0.7177211538461538 0.5344827586206896 0.03571153846153846 0.06156896551724138
15 0.5655865384615385 0.552948275862069 0.036403846153846155 0.06896551724137931
0 0.5309038461538461 0.5868275862068966 0.03708653846153846 0.06281034482758621
14 0.3190288461538462 0.7216724137931034 0.03227884615384615 0.0665
4 0.19299038461538462 0.888551724137931 0.03983653846153846 0.0701896551724138
8 0.8815288461538461 0.7703275862068966 0.036403846153846155 0.06281034482758621