3 0.8297884615384615 0.6383793103448275 0.0391057692307693 0.07277586206896558
10 0.8647019230769231 0.42889655172413793 0.037826923076923 0.0759310344827586
9 0.8209615384615384 0.3178448275862069 0.04063461538461537 0.07608620689655171
1 0.6789615384615385 0.5659827586206896 0.038375000000000076 0.07436206896551724
11 0.8046057692307692 0.47000000000000003 0.036201923076923166 0.06562068965517237
8 0.6814423076923077 0.4852758620689655 0.038548076923076845 0.07377586206896546
6 0.9388557692307692 0.41977586206896544 0.03952884615384606 0.0702413793103448
14 0.7271634615384616 0.33548275862068966 0.03766346153846161 0.06753448275862071
7 0.7736346153846154 0.37858620689655176 0.03766346153846161 0.06753448275862071
15 0.6814903846153846 0.4152241379310345 0.03766346153846161 0.06322413793103451
5 0.877 0.5740000000000001 0.036057692307692304 0.06465517241379311
0 0.9314903846153846 0.35201724137931034 0.042471153846153915 0.06896551724137931
2 0.9479134615384616 0.5323275862068966 0.038461538461538464 0.070396551724138
4 0.9387019230769231 0.6113448275862069 0.039259615384615316 0.070396551724138
13 0.9138653846153846 0.5553103448275862 0.034451923076923005 0.06177586206896559
12 0.8421442307692308 0.8333275862068965 0.038461538461538464 0.06896551724137931