3 0.4426057692307692 0.2447758620689655 0.039125 0.07017241379310345
1 0.7671057692307692 0.24241379310344827 0.04030769230769231 0.06958620689655172
13 0.7421346153846154 0.5823448275862069 0.03756730769230769 0.07125862068965517
7 0.476375 0.2817068965517241 0.03581730769230769 0.07975862068965517
11 0.4007403846153846 0.5144827586206896 0.03797115384615385 0.06963793103448276
14 0.3866346153846154 0.2067241379310345 0.03866346153846154 0.07770689655172414
4 0.3366153846153846 0.15375862068965518 0.037903846153846156 0.0838103448275862
6 0.6345961538461539 0.4221551724137931 0.037278846153846155 0.0760344827586207
15 0.5784519230769231 0.47115517241379307 0.03857692307692307 0.06651724137931034
0 0.35164423076923074 0.3251206896551724 0.03983653846153846 0.07143103448275862
9 0.6792596153846153 0.33189655172413796 0.04121153846153846 0.06281034482758621
10 0.4897019230769231 0.49506896551724133 0.03433653846153846 0.06403448275862068
5 0.44025000000000003 0.5443275862068965 0.03433653846153846 0.0665
12 0.48385576923076923 0.6243793103448275 0.03502884615384615 0.07143103448275862
2 0.5343365384615385 0.8214310344827587 0.03708653846153846 0.07143103448275862
8 0.6401057692307692 0.8349827586206897 0.03571153846153846 0.05912068965517241