3 0.8297884615384615 0.6383793103448275 0.039105769230769236 0.07277586206896552
10 0.8647019230769231 0.42889655172413793 0.03782692307692308 0.07593103448275862
9 0.8209615384615384 0.3178448275862069 0.04063461538461538 0.07608620689655173
1 0.6789615384615385 0.5659827586206896 0.038375 0.07436206896551724
11 0.8046057692307692 0.47000000000000003 0.036201923076923076 0.06562068965517241
8 0.6814423076923077 0.4852758620689655 0.03854807692307693 0.07377586206896551
6 0.9388557692307692 0.4197758620689655 0.03952884615384615 0.07024137931034483
14 0.7271634615384616 0.33548275862068966 0.03766346153846154 0.06753448275862069
7 0.7736346153846154 0.37858620689655176 0.03766346153846154 0.06753448275862069
15 0.6814903846153846 0.4152241379310345 0.03766346153846154 0.06322413793103449
5 0.877 0.5740000000000001 0.036057692307692304 0.06465517241379311
0 0.9314903846153846 0.35201724137931034 0.042471153846153846 0.06896551724137931
2 0.9479134615384616 0.5323275862068966 0.038461538461538464 0.07039655172413793
4 0.9387019230769231 0.6113448275862069 0.039259615384615386 0.07039655172413793
13 0.9138653846153846 0.5553103448275862 0.034451923076923074 0.061775862068965515
12 0.8421442307692308 0.8333275862068965 0.038461538461538464 0.06896551724137931