1 0.6654807692307693 0.4477413793103448 0.03959615384615384 0.06848275862068966
6 0.6392307692307692 0.5511896551724138 0.03944230769230769 0.07770689655172414
9 0.6267980769230769 0.45037931034482764 0.03760576923076923 0.06955172413793104
11 0.05429807692307692 0.2730344827586207 0.04093269230769231 0.06663793103448276
7 0.7733269230769231 0.2613448275862069 0.035730769230769226 0.08222413793103447
13 0.5557884615384615 0.5846896551724138 0.03779807692307693 0.07493103448275862
5 0.06175 0.4265 0.03854807692307693 0.06574137931034484
0 0.7743846153846154 0.11391379310344826 0.03914423076923077 0.06774137931034482
14 0.5024038461538461 0.34236206896551724 0.03365384615384615 0.0665
3 0.6813173076923077 0.21367241379310345 0.03571153846153846 0.06281034482758621
4 0.42891346153846155 0.2438448275862069 0.03365384615384615 0.07143103448275862
12 0.37259615384615385 0.6022241379310345 0.037778846153846156 0.06896551724137931
8 0.3667596153846154 0.7924827586206896 0.03571153846153846 0.06281034482758621
2 0.2942980769230769 0.8066551724137931 0.03914423076923077 0.0665
15 0.30803846153846154 0.8694655172413793 0.04051923076923077 0.0665
10 0.07589423076923077 0.33929310344827585 0.037778846153846156 0.0603448275862069