1 0.6654807692307693 0.4477413793103448 0.039596153846153906 0.0684827586206897
6 0.6392307692307692 0.5511896551724138 0.03944230769230767 0.07770689655172422
9 0.6267980769230769 0.45037931034482764 0.03760576923076914 0.06955172413793109
11 0.05429807692307692 0.2730344827586207 0.0409326923076923 0.06663793103448272
7 0.7733269230769231 0.2613448275862069 0.03573076923076931 0.08222413793103447
13 0.5557884615384615 0.5846896551724138 0.03779807692307687 0.07493103448275869
5 0.06175 0.4265 0.03854807692307693 0.06574137931034482
0 0.7743846153846154 0.11391379310344826 0.039144230769230806 0.06774137931034481
14 0.5024038461538461 0.34236206896551724 0.03365384615384615 0.06649999999999999
3 0.6813173076923077 0.21367241379310345 0.03571153846153856 0.06281034482758621
4 0.42891346153846155 0.2438448275862069 0.03365384615384615 0.07143103448275863
12 0.37259615384615385 0.6022241379310345 0.03777884615384612 0.06896551724137931
8 0.3667596153846154 0.7924827586206896 0.03571153846153845 0.06281034482758611
2 0.2942980769230769 0.8066551724137931 0.039144230769230806 0.06650000000000009
15 0.30803846153846154 0.8694655172413793 0.04051923076923076 0.06650000000000009
10 0.07589423076923077 0.33929310344827585 0.03777884615384615 0.0603448275862069