5 0.41341346153846154 0.4615172413793104 0.037307692307692264 0.07355172413793098
9 0.5554615384615385 0.37110344827586206 0.03867307692307695 0.0695
10 0.5327596153846155 0.4713103448275862 0.039769230769230675 0.07293103448275859
11 0.44777884615384617 0.44470689655172413 0.036038461538461554 0.06493103448275857
3 0.471625 0.7365 0.03717307692307689 0.0672241379310345
13 0.4919711538461538 0.6064655172413793 0.03701923076923077 0.07286206896551722
15 0.37673076923076926 0.4863793103448276 0.03918269230769231 0.06862068965517233
8 0.4054326923076923 0.533603448275862 0.04034615384615388 0.07005172413793102
6 0.4638846153846154 0.5377931034482759 0.04184615384615383 0.07310344827586203
2 0.6385576923076923 0.5003793103448276 0.03922115384615381 0.07184482758620682
14 0.3805192307692308 0.3516896551724138 0.03862499999999996 0.07205172413793107
1 0.4323461538461538 0.5794310344827586 0.035028846153846105 0.05541379310344825
7 0.4951923076923077 0.4187241379310345 0.037086538461538456 0.06403448275862067
12 0.5676538461538462 0.661948275862069 0.03640384615384606 0.07018965517241385
4 0.6047403846153846 0.5652758620689655 0.03777884615384612 0.06896551724137931
0 0.5721153846153846 0.45936206896551723 0.038461538461538464 0.06650000000000003