5 0.41341346153846154 0.4615172413793104 0.037307692307692306 0.07355172413793103
9 0.5554615384615385 0.37110344827586206 0.03867307692307692 0.0695
10 0.5327596153846155 0.4713103448275862 0.03976923076923077 0.07293103448275862
11 0.44777884615384617 0.44470689655172413 0.03603846153846153 0.06493103448275861
3 0.471625 0.7365 0.03717307692307692 0.06722413793103449
13 0.4919711538461538 0.6064655172413793 0.03701923076923077 0.07286206896551724
15 0.37673076923076926 0.4863793103448276 0.03918269230769231 0.06862068965517241
8 0.4054326923076923 0.533603448275862 0.040346153846153844 0.07005172413793104
6 0.4638846153846154 0.5377931034482759 0.04184615384615385 0.07310344827586207
2 0.6385576923076923 0.5003793103448276 0.03922115384615384 0.0718448275862069
14 0.3805192307692308 0.3516896551724138 0.038625 0.07205172413793104
1 0.4323461538461538 0.5794310344827586 0.03502884615384615 0.055413793103448274
7 0.4951923076923077 0.4187241379310345 0.03708653846153846 0.06403448275862068
12 0.5676538461538462 0.661948275862069 0.036403846153846155 0.0701896551724138
4 0.6047403846153846 0.5652758620689655 0.037778846153846156 0.06896551724137931
0 0.5721153846153846 0.45936206896551723 0.038461538461538464 0.0665