13 0.29865384615384616 0.37224137931034484 0.03704807692307693 0.06544827586206897
1 0.1943653846153846 0.5442586206896552 0.03952884615384615 0.06720689655172413
15 0.06220192307692307 0.5958965517241379 0.039759615384615386 0.06181034482758621
14 0.08203846153846153 0.33698275862068966 0.043028846153846154 0.0775
10 0.35344230769230767 0.345948275862069 0.03932692307692308 0.07208620689655172
9 0.21924038461538461 0.4326896551724138 0.04268269230769231 0.07479310344827586
11 0.16964423076923077 0.4792413793103448 0.03969230769230769 0.0646896551724138
6 0.05371153846153846 0.5263103448275862 0.04208653846153847 0.07479310344827586
4 0.3346538461538462 0.40356896551724136 0.030990384615384614 0.05544827586206896
5 0.07471153846153847 0.4771551724137931 0.04214423076923077 0.07137931034482758
3 0.24556730769230767 0.48374137931034483 0.03980769230769231 0.06856896551724138
7 0.08653846153846154 0.41379310344827586 0.04258653846153846 0.0665
12 0.2805673076923077 0.5030862068965518 0.03914423076923077 0.06527586206896552
8 0.23660576923076923 0.6890344827586207 0.03502884615384615 0.06774137931034482
0 0.3993846153846154 0.4211896551724138 0.03502884615384615 0.06896551724137931
2 0.3564519230769231 0.45567241379310347 0.03983653846153846 0.07143103448275862