3 0.6006442307692307 0.3133448275862069 0.038153846153846156 0.07475862068965518
2 0.4990576923076923 0.4346206896551724 0.03764423076923077 0.07594827586206897
9 0.49548076923076917 0.3601206896551724 0.03795192307692308 0.06806896551724137
1 0.7034615384615385 0.4348620689655172 0.03870192307692308 0.06432758620689656
11 0.5710673076923076 0.24243103448275866 0.039163461538461536 0.07029310344827587
4 0.5615096153846154 0.35005172413793106 0.03672115384615384 0.07868965517241379
7 0.2133173076923077 0.18646551724137933 0.03685576923076923 0.07684482758620689
13 0.43758653846153844 0.33684482758620693 0.03400961538461538 0.06625862068965517
8 0.6538461538461539 0.5179655172413793 0.038461538461538464 0.06465517241379311
10 0.5072115384615384 0.2787413793103448 0.040067307692307694 0.0718448275862069
6 0.46675 0.2823275862068966 0.03766346153846154 0.07039655172413793
0 0.4655480769230769 0.5115000000000001 0.038461538461538464 0.0718448275862069
12 0.8449519230769231 0.3951206896551724 0.039259615384615386 0.0718448275862069
14 0.3449519230769231 0.6020172413793103 0.034451923076923074 0.054603448275862075
15 0.45031730769230766 0.6645172413793103 0.038461538461538464 0.06753448275862069
5 0.6133846153846153 0.5043103448275862 0.034451923076923074 0.0603448275862069