1 0.4725 0.28643103448275864 0.038375 0.07198275862068966
5 0.14935576923076924 0.1502758620689655 0.04120192307692308 0.08356896551724138
3 0.21974038461538462 0.21010344827586208 0.04015384615384615 0.08231034482758622
8 0.2939807692307692 0.10789655172413792 0.040336538461538465 0.06762068965517241
2 0.19896153846153844 0.2866896551724138 0.04118269230769231 0.07941379310344827
9 0.4303653846153846 0.17558620689655172 0.04026923076923077 0.07287931034482759
11 0.6051730769230769 0.3416551724137931 0.037153846153846155 0.05941379310344828
13 0.5948269230769231 0.5234137931034483 0.03586538461538461 0.07427586206896551
4 0.09795192307692308 0.2042413793103448 0.042249999999999996 0.0814655172413793
10 0.25743269230769233 0.10696551724137932 0.03833653846153846 0.06415517241379311
14 0.5140769230769231 0.22844827586206898 0.036403846153846155 0.06527586206896552
12 0.13976923076923078 0.22782758620689653 0.04189423076923077 0.07636206896551724
0 0.3001346153846154 0.3103448275862069 0.04121153846153846 0.06896551724137931
15 0.2747211538461538 0.20812068965517241 0.04121153846153846 0.07143103448275862
7 0.4124326923076923 0.23460344827586205 0.03365384615384615 0.057879310344827586
6 0.3808365384615385 0.36329310344827587 0.03914423076923077 0.07389655172413793