3 0.06231730769230769 0.3899310344827586 0.03977884615384615 0.06605172413793103
8 0.18376923076923077 0.6106206896551725 0.040596153846153844 0.07039655172413793
7 0.13306730769230768 0.44650000000000006 0.04077884615384615 0.07351724137931034
1 0.14961538461538462 0.5110344827586206 0.03880769230769231 0.06387931034482758
2 0.11149038461538462 0.295448275862069 0.04381730769230769 0.08062068965517241
9 0.18125961538461538 0.34577586206896554 0.04068269230769231 0.07012068965517242
13 0.09827884615384615 0.4787068965517241 0.03893269230769231 0.061172413793103446
11 0.1946923076923077 0.2813275862068965 0.04095192307692308 0.06836206896551723
5 0.3176442307692308 0.4853620689655172 0.03969230769230769 0.0708448275862069
14 0.15960576923076925 0.40243103448275863 0.03526923076923077 0.06279310344827586
6 0.10179807692307692 0.4096724137931035 0.037134615384615384 0.07527586206896551
15 0.1287115384615385 0.3647241379310345 0.04275961538461538 0.071
0 0.05666346153846154 0.3288103448275862 0.04051923076923077 0.06403448275862068
12 0.1806346153846154 0.5431034482758621 0.032971153846153844 0.06156896551724138
10 0.2005480769230769 0.4827586206896552 0.038461538461538464 0.06403448275862068
4 0.2215 0.5455689655172414 0.036403846153846155 0.07143103448275862