3 0.4366730769230769 0.5227758620689655 0.03691346153846154 0.07508620689655172
8 0.22398076923076923 0.5203793103448275 0.03981730769230769 0.07112068965517242
11 0.4968461538461539 0.3948793103448276 0.03835576923076923 0.06494827586206897
7 0.27966346153846156 0.34444827586206894 0.04004807692307692 0.07175862068965516
1 0.1887596153846154 0.42844827586206896 0.03955769230769231 0.07124137931034483
9 0.48825961538461543 0.5203793103448275 0.037105769230769234 0.06096551724137931
2 0.43827884615384616 0.36329310344827587 0.04163461538461538 0.08086206896551724
6 0.5513461538461538 0.7436551724137931 0.040990384615384616 0.08005172413793103
15 0.4765673076923077 0.4572931034482759 0.0363173076923077 0.062396551724137925
13 0.23216346153846154 0.39912068965517244 0.039105769230769236 0.06908620689655172
5 0.3978076923076923 0.7138793103448277 0.039009615384615386 0.06836206896551723
12 0.26061538461538464 0.48124137931034483 0.03772115384615384 0.07467241379310345
0 0.4395 0.44970689655172413 0.036057692307692304 0.06896551724137931
14 0.3381442307692308 0.5165172413793103 0.03685576923076923 0.07039655172413793
10 0.2824519230769231 0.40948275862068967 0.036057692307692304 0.06608620689655172
4 0.32091346153846156 0.44108620689655176 0.036057692307692304 0.06322413793103449