3 0.4366346153846154 0.5226034482758621 0.036307692307692305 0.07505172413793104
8 0.22447115384615385 0.5216896551724137 0.03905769230769231 0.0715
11 0.4961826923076923 0.39496551724137935 0.038644230769230764 0.06412068965517241
7 0.2796730769230769 0.3452586206896552 0.03988461538461538 0.07210344827586207
9 0.4880576923076923 0.5199655172413793 0.03708653846153846 0.060517241379310346
1 0.18853846153846154 0.4306896551724138 0.03941346153846154 0.06994827586206896
2 0.4375576923076923 0.3626379310344828 0.04161538461538462 0.08068965517241379
15 0.47664423076923074 0.4575 0.03649038461538462 0.06181034482758621
6 0.5501346153846154 0.745448275862069 0.03828846153846154 0.0789655172413793
13 0.2319807692307692 0.3987758620689655 0.03856730769230769 0.0698103448275862
5 0.39797115384615384 0.7137586206896552 0.03865384615384616 0.06770689655172414
4 0.3187403846153846 0.44046551724137933 0.037759615384615385 0.07177586206896552
0 0.4381826923076923 0.44889655172413795 0.03708653846153846 0.0701896551724138
14 0.3382596153846154 0.5117068965517242 0.03227884615384615 0.06527586206896552
10 0.2819326923076923 0.40886206896551724 0.037778846153846156 0.06403448275862068
12 0.2630480769230769 0.4870689655172414 0.038461538461538464 0.08005172413793103