3 0.6847788461538461 0.2243103448275862 0.03650961538461538 0.0688793103448276
8 0.7093942307692308 0.11660344827586207 0.04091346153846154 0.07693103448275862
9 0.7420288461538462 0.2225689655172414 0.042596153846153846 0.07596551724137932
5 0.5918269230769231 0.11001724137931035 0.038384615384615385 0.06722413793103449
6 0.6999134615384615 0.5096896551724138 0.04151923076923077 0.0848103448275862
1 0.8067884615384615 0.31024137931034484 0.039 0.07
2 0.6400673076923077 0.20970689655172414 0.039480769230769236 0.07994827586206896
13 0.797653846153846 0.44627586206896547 0.03785576923076923 0.07156896551724137
4 0.6076730769230769 0.16362068965517243 0.03897115384615385 0.0758448275862069
7 0.8961826923076923 0.31782758620689655 0.04028846153846154 0.07491379310344828
10 0.6607692307692308 0.10791379310344829 0.036048076923076926 0.0635
0 0.665375 0.2833448275862069 0.037682692307692306 0.06799999999999999
12 0.6813173076923077 0.15208620689655172 0.03571153846153846 0.06527586206896552
15 0.8221153846153846 0.3879310344827586 0.03708653846153846 0.05912068965517241
11 0.8324134615384615 0.24506896551724136 0.04121153846153846 0.06896551724137931
14 0.8066634615384615 0.1625689655172414 0.036403846153846155 0.06156896551724138