3 0.06171153846153847 0.5905862068965517 0.03892307692307692 0.07506896551724138
1 0.2223269230769231 0.5338620689655172 0.03945192307692308 0.06553448275862069
9 0.189375 0.4048965517241379 0.03906730769230769 0.06824137931034482
0 0.13357692307692307 0.524948275862069 0.04503846153846154 0.07343103448275863
5 0.06733653846153846 0.283 0.04421153846153846 0.07167241379310345
7 0.16556730769230768 0.5685344827586207 0.03771153846153846 0.06856896551724138
2 0.05508653846153846 0.4478620689655172 0.041192307692307695 0.07662068965517241
15 0.1748846153846154 0.49536206896551727 0.04017307692307692 0.07241379310344828
13 0.09549038461538462 0.7042413793103448 0.04108653846153846 0.07451724137931034
4 0.054259615384615385 0.3524827586206897 0.042548076923076925 0.08553448275862069
8 0.1445769230769231 0.4211896551724138 0.04051923076923077 0.06403448275862068
12 0.09134615384615384 0.33620689655172414 0.03708653846153846 0.0665
10 0.0861923076923077 0.40886206896551724 0.03914423076923077 0.06896551724137931
6 0.13083653846153845 0.6016034482758621 0.037778846153846156 0.06527586206896552
11 0.057346153846153845 0.5233965517241379 0.03365384615384615 0.06156896551724138
14 0.23420192307692306 0.470448275862069 0.038461538461538464 0.06156896551724138