3 0.4367692307692308 0.5227758620689655 0.0364711538461538 0.0752413793103448
11 0.4964134615384615 0.39477586206896553 0.03906730769230774 0.0645344827586207
8 0.22424038461538462 0.5211896551724138 0.03929807692307693 0.0715344827586207
7 0.2796153846153846 0.3443793103448276 0.04049038461538463 0.07293103448275864
1 0.18872115384615384 0.4301379310344827 0.039346153846153864 0.0699137931034483
2 0.43775 0.36279310344827587 0.04231730769230768 0.08094827586206894
15 0.4765865384615384 0.45737931034482754 0.03632692307692305 0.062086206896551706
9 0.48800961538461535 0.519896551724138 0.03714423076923082 0.06210344827586204
13 0.23185576923076923 0.39829310344827584 0.03947115384615383 0.07096551724137926
5 0.39805769230769233 0.7132241379310346 0.038528846153846205 0.06762068965517246
6 0.5504807692307693 0.7442586206896552 0.04006730769230776 0.07758620689655173
0 0.4375 0.4504310344827586 0.03525961538461535 0.06753448275862067
14 0.3369423076923077 0.5165172413793103 0.036057692307692304 0.06753448275862062
4 0.32011538461538463 0.44108620689655176 0.036057692307692304 0.0747068965517241
10 0.28125 0.4109137931034483 0.04166346153846158 0.0603448275862069
12 0.2644230769230769 0.4885 0.03365384615384615 0.0603448275862069