3 0.43606730769230767 0.5224655172413792 0.03667307692307691 0.0769137931034483
8 0.22426923076923078 0.5216379310344827 0.03959615384615385 0.07172413793103452
11 0.4962692307692308 0.39420689655172414 0.03866346153846157 0.0647068965517241
9 0.4879423076923076 0.5197586206896552 0.03721153846153845 0.060413793103448216
1 0.18829807692307693 0.4303448275862069 0.039125 0.07017241379310343
6 0.5508173076923077 0.7441896551724138 0.04016346153846152 0.07839655172413798
2 0.43722115384615384 0.3615689655172414 0.041509615384615346 0.08168965517241379
7 0.27952884615384616 0.34427586206896554 0.04030769230769227 0.07503448275862065
13 0.23120192307692305 0.39912068965517244 0.037759615384615364 0.06974137931034481
15 0.47660576923076925 0.4575 0.036182692307692305 0.06189655172413789
5 0.3981923076923077 0.7133275862068966 0.038519230769230715 0.06827586206896556
4 0.3182596153846154 0.44118965517241376 0.03805769230769235 0.07020689655172418
0 0.43790384615384614 0.44970689655172413 0.03925961538461542 0.06896551724137931
14 0.33733653846153844 0.5165172413793103 0.03685576923076927 0.07327586206896551
12 0.2624230769230769 0.4885 0.0392596153846154 0.0660862068965518
10 0.28084615384615386 0.41091379310344833 0.0376634615384615 0.06896551724137936