3 0.6847788461538461 0.2243103448275862 0.03650961538461541 0.06887931034482757
8 0.7093942307692308 0.11660344827586207 0.040913461538461496 0.07693103448275863
9 0.7420288461538462 0.2225689655172414 0.042596153846153804 0.07596551724137932
5 0.5918269230769231 0.11001724137931035 0.038384615384615454 0.0672241379310345
6 0.6999134615384615 0.5096896551724138 0.04151923076923083 0.0848103448275863
1 0.8067884615384615 0.31024137931034484 0.038999999999999944 0.07000000000000003
2 0.6400673076923077 0.20970689655172414 0.03948076923076918 0.07994827586206897
13 0.797653846153846 0.44627586206896547 0.037855769230769123 0.07156896551724136
4 0.6076730769230769 0.16362068965517243 0.03897115384615382 0.0758448275862069
7 0.8961826923076923 0.31782758620689655 0.04028846153846163 0.07491379310344826
10 0.6607692307692308 0.10791379310344829 0.03604807692307693 0.06349999999999999
0 0.665375 0.2833448275862069 0.03768269230769236 0.06799999999999999
12 0.6813173076923077 0.15208620689655172 0.03571153846153856 0.06527586206896549
15 0.8221153846153846 0.3879310344827586 0.0370865384615384 0.05912068965517245
11 0.8324134615384615 0.24506896551724136 0.04121153846153836 0.06896551724137931
14 0.8066634615384615 0.1625689655172414 0.03640384615384606 0.06156896551724139