3 0.43606730769230767 0.5224655172413792 0.036673076923076926 0.07691379310344827
8 0.22426923076923078 0.5216379310344827 0.03959615384615384 0.07172413793103448
11 0.4962692307692308 0.39420689655172414 0.03866346153846154 0.06470689655172414
9 0.4879423076923077 0.5197586206896552 0.03721153846153846 0.06041379310344827
1 0.18829807692307693 0.4303448275862069 0.039125 0.07017241379310345
6 0.5508173076923077 0.7441896551724138 0.040163461538461544 0.07839655172413793
2 0.43722115384615384 0.3615689655172414 0.04150961538461539 0.08168965517241379
7 0.27952884615384616 0.34427586206896554 0.04030769230769231 0.0750344827586207
13 0.23120192307692305 0.39912068965517244 0.037759615384615385 0.06974137931034484
15 0.47660576923076925 0.4575 0.03618269230769231 0.06189655172413793
5 0.3981923076923077 0.7133275862068966 0.03851923076923077 0.06827586206896552
4 0.3182596153846154 0.44118965517241376 0.038057692307692306 0.07020689655172413
0 0.43790384615384614 0.44970689655172413 0.039259615384615386 0.06896551724137931
14 0.33733653846153844 0.5165172413793103 0.03685576923076923 0.07327586206896551
12 0.2624230769230769 0.4885 0.039259615384615386 0.06608620689655172
10 0.28084615384615386 0.4109137931034483 0.03766346153846154 0.06896551724137931