7 0.9404326923076922 0.2691034482758621 0.04334615384615385 0.07205172413793104
1 0.7000288461538461 0.2966896551724138 0.040769230769230766 0.07413793103448275
3 0.9273461538461539 0.7708103448275861 0.04123076923076923 0.06741379310344828
6 0.5511923076923076 0.7453965517241379 0.040211538461538465 0.07832758620689655
11 0.9444615384615385 0.20074137931034483 0.04177884615384616 0.060103448275862066
9 0.8524711538461539 0.888293103448276 0.042451923076923075 0.07396551724137931
10 0.9074423076923077 0.3275344827586207 0.040317307692307694 0.074
12 0.895048076923077 0.5627068965517241 0.045509615384615384 0.08115517241379311
5 0.3982019230769231 0.7131206896551724 0.03834615384615385 0.07022413793103448
8 0.8997211538461539 0.4590000000000001 0.04158653846153846 0.07562068965517241
13 0.8575192307692309 0.10277586206896551 0.03881730769230769 0.0698103448275862
15 0.9371346153846154 0.3787413793103448 0.04260576923076923 0.07251724137931034
14 0.8875 0.8387931034482758 0.8884615384615384 0.8732758620689656 0.8966346153846154 0.8896551724137931 0.9081730769230769 0.8948275862068965 0.9134615384615384 0.8646551724137931 0.9211538461538461 0.8456896551724138 0.9182692307692307 0.8301724137931035 0.9091346153846154 0.8189655172413793 0.8995192307692308 0.8189655172413793
2 0.8807692307692307 0.075 0.8826923076923077 0.12155172413793103 0.8908653846153847 0.1310344827586207 0.9072115384615385 0.1310344827586207 0.9067307692307692 0.0853448275862069 0.9105769230769231 0.06465517241379311 0.8889423076923076 0.06379310344827586
0 0.9411057692307693 0.45977586206896554 0.03766346153846154 0.06896551724137931
4 0.9322884615384616 0.6264310344827586 0.03766346153846154 0.06608620689655172