0 0.868326923076923 0.6421379310344828 0.04300961538461538 0.0686896551724138
15 0.9326346153846155 0.5222413793103448 0.04102884615384616 0.0626551724137931
13 0.9103846153846153 0.5696724137931035 0.03980769230769231 0.0683103448275862
9 0.8819423076923077 0.4930517241379311 0.04176923076923077 0.07191379310344828
8 0.8792307692307693 0.4138793103448276 0.04389423076923077 0.07222413793103448
2 0.8181634615384615 0.5358793103448276 0.04171153846153847 0.06936206896551723
6 0.899298076923077 0.6826724137931034 0.041144230769230766 0.07920689655172414
5 0.7803942307692308 0.4115344827586207 0.043 0.07736206896551724
4 0.7823557692307692 0.5029310344827586 0.04233653846153846 0.07929310344827586
12 0.8233076923076923 0.4683275862068965 0.04194230769230769 0.07155172413793104
10 0.8209615384615384 0.39475862068965517 0.03968269230769231 0.07244827586206896
7 0.9477980769230769 0.3645344827586207 0.038461538461538464 0.07636206896551724
14 0.9114038461538462 0.3823965517241379 0.03433653846153846 0.0726551724137931
11 0.9488365384615385 0.4581206896551724 0.036403846153846155 0.06156896551724138
1 0.9114038461538462 0.4599827586206897 0.03571153846153846 0.0603448275862069
3 0.855423076923077 0.5406379310344828 0.03227884615384615 0.0665