3 0.4366730769230769 0.5227758620689655 0.03691346153846153 0.07508620689655164
8 0.22398076923076923 0.5203793103448275 0.03981730769230766 0.07112068965517242
11 0.4968461538461539 0.3948793103448276 0.03835576923076927 0.064948275862069
7 0.27966346153846156 0.34444827586206894 0.0400480769230769 0.07175862068965518
1 0.1887596153846154 0.42844827586206896 0.039557692307692294 0.07124137931034487
9 0.48825961538461543 0.5203793103448275 0.03710576923076926 0.06096551724137934
2 0.43827884615384616 0.36329310344827587 0.04163461538461534 0.0808620689655172
6 0.5513461538461538 0.7436551724137931 0.04099038461538472 0.08005172413793095
15 0.4765673076923077 0.4572931034482759 0.036317307692307677 0.06239655172413797
13 0.23216346153846154 0.39912068965517244 0.03910576923076922 0.06908620689655172
5 0.3978076923076923 0.7138793103448277 0.039009615384615434 0.0683620689655172
12 0.26061538461538464 0.48124137931034483 0.03772115384615386 0.07467241379310335
0 0.4395 0.44970689655172413 0.036057692307692304 0.06896551724137931
14 0.3381442307692308 0.5165172413793103 0.03685576923076927 0.070396551724138
10 0.2824519230769231 0.40948275862068967 0.036057692307692304 0.06608620689655174
4 0.32091346153846156 0.44108620689655176 0.036057692307692304 0.06322413793103451