3 0.21018269230769232 0.3841206896551724 0.039846153846153844 0.07560344827586207
1 0.9238557692307692 0.636551724137931 0.040365384615384615 0.06301724137931033
14 0.9283365384615385 0.7963793103448276 0.03871153846153846 0.0696551724137931
15 0.6451442307692308 0.5526379310344827 0.041673076923076924 0.0678448275862069
5 0.053509615384615385 0.20475862068965517 0.042355769230769225 0.0683103448275862
9 0.9092884615384615 0.3588620689655172 0.04186538461538462 0.07210344827586207
10 0.8458461538461538 0.14444827586206896 0.03770192307692308 0.07063793103448275
13 0.8961538461538462 0.10086206896551723 0.8846153846153846 0.13189655172413794 0.885576923076923 0.15258620689655172 0.8927884615384616 0.1706896551724138 0.9052884615384615 0.17586206896551723 0.9158653846153846 0.15804597701149423 0.8982371794871794 0.10344827586206898
8 0.9479134615384616 0.37858620689655176 0.038461538461538464 0.07039655172413793
2 0.873 0.09841379310344828 0.039259615384615386 0.061775862068965515
12 0.828125 0.5165172413793103 0.040865384615384616 0.07327586206896551
11 0.6217980769230769 0.8283103448275863 0.038461538461538464 0.07039655172413793
7 0.8774038461538461 0.9051724137931034 0.03365384615384615 0.06608620689655172
0 0.8894230769230769 0.8405172413793104 0.8913461538461539 0.878448275862069 0.9030448717948719 0.8879310344827588 0.9221153846153847 0.8370689655172414 0.9129807692307692 0.8258620689655173 0.9014423076923077 0.8241379310344827
4 0.9459134615384616 0.49496551724137927 0.040865384615384616 0.06465517241379311
6 0.9102596153846153 0.5589137931034484 0.04166346153846154 0.07470689655172413