3 0.20983653846153846 0.38451724137931037 0.03883653846153845 0.07403448275862068
9 0.5401153846153847 0.3766551724137931 0.037903846153846225 0.07141379310344831
6 0.34328846153846154 0.5530862068965517 0.039576923076923044 0.07234482758620696
11 0.6182211538461538 0.5826206896551724 0.03644230769230778 0.06384482758620685
5 0.05318269230769231 0.20498275862068965 0.04141346153846153 0.06643103448275862
7 0.644423076923077 0.635 0.03607692307692306 0.06856896551724134
1 0.7449615384615385 0.6539827586206897 0.03996153846153841 0.06696551724137936
13 0.12000961538461538 0.5934655172413793 0.03758653846153848 0.06970689655172405
2 0.3398173076923077 0.3428965517241379 0.04056730769230764 0.07555172413793103
0 0.6897788461538461 0.7598793103448276 0.03913461538461543 0.07451724137931039
10 0.2881923076923077 0.3253103448275862 0.03636538461538466 0.0732068965517241
14 0.7892596153846154 0.7658103448275863 0.03525961538461545 0.05746551724137938
8 0.6730769230769231 0.5229827586206897 0.03525961538461545 0.06322413793103442
4 0.6201923076923077 0.5064655172413793 0.04166346153846147 0.07615517241379303
15 0.4250769230769231 0.6867758620689655 0.0376634615384615 0.0660862068965518
12 0.499201923076923 0.8182413793103448 0.0352596153846154 0.06753448275862062