3 0.21018269230769232 0.3841206896551724 0.039846153846153844 0.07560344827586211
1 0.9238557692307692 0.636551724137931 0.040365384615384636 0.06301724137931027
14 0.9283365384615385 0.7963793103448276 0.03871153846153845 0.06965517241379307
15 0.6451442307692308 0.5526379310344827 0.04167307692307685 0.06784482758620694
5 0.053509615384615385 0.20475862068965517 0.042355769230769225 0.06831034482758619
9 0.9092884615384615 0.3588620689655172 0.04186538461538458 0.07210344827586206
10 0.8458461538461538 0.14444827586206896 0.03770192307692311 0.07063793103448275
13 0.885576923076923 0.15258620689655172 0.8927884615384616 0.1706896551724138 0.9052884615384615 0.17586206896551723 0.9158653846153846 0.1580459775862069 0.8982371798076922 0.10344827586206896 0.8961538461538462 0.10086206896551723 0.8846153846153846 0.13189655172413794 0.885576923076923 0.15258620689655172
8 0.9479134615384616 0.37858620689655176 0.038461538461538464 0.0703965517241379
2 0.873 0.09841379310344828 0.039259615384615316 0.06177586206896553
12 0.828125 0.5165172413793103 0.040865384615384616 0.07327586206896551
11 0.6217980769230769 0.8283103448275863 0.038461538461538464 0.070396551724138
7 0.8774038461538461 0.9051724137931034 0.03365384615384615 0.0660862068965517
0 0.9030448721153845 0.8879310344827587 0.9221153846153847 0.8370689655172414 0.9129807692307692 0.8258620689655173 0.9014423076923077 0.8241379310344827 0.8894230769230769 0.8405172413793104 0.8913461538461539 0.878448275862069 0.9030448721153845 0.8879310344827587
4 0.9459134615384616 0.49496551724137927 0.040865384615384616 0.06465517241379311
6 0.9102596153846153 0.5589137931034484 0.04166346153846147 0.0747068965517242