3 0.2808076923076923 0.4420344827586207 0.03882692307692308 0.07610344827586207
11 0.47839423076923077 0.5511551724137931 0.03694230769230769 0.06125862068965517
10 0.2904519230769231 0.30579310344827587 0.03794230769230769 0.07294827586206896
9 0.3686634615384616 0.14508620689655174 0.040346153846153844 0.0776896551724138
4 0.08326923076923076 0.2957241379310345 0.04085576923076923 0.07813793103448276
14 0.2730192307692308 0.1174655172413793 0.03931730769230769 0.07562068965517241
2 0.21061538461538462 0.7596206896551724 0.04343269230769231 0.07753448275862068
6 0.698951923076923 0.4651896551724138 0.04121153846153846 0.07939655172413793
5 0.7391346153846154 0.5355689655172414 0.04003846153846154 0.07206896551724137
7 0.32979807692307694 0.19543103448275861 0.038461538461538464 0.07613793103448276
13 0.8924326923076923 0.47550000000000003 0.041423076923076924 0.0771896551724138
1 0.48448076923076927 0.4462413793103448 0.038009615384615385 0.06858620689655173
0 0.2568076923076923 0.5718448275862069 0.040865384615384616 0.06896551724137931
12 0.796875 0.39870689655172414 0.040865384615384616 0.07327586206896551
8 0.8545673076923077 0.35344827586206895 0.039259615384615386 0.07470689655172413
15 0.9358942307692308 0.552448275862069 0.040067307692307694 0.07039655172413793