7 0.27946153846153843 0.912896551724138 0.04148076923076922 0.07582758620689659
1 0.5945769230769231 0.6876896551724139 0.038423076923076956 0.06837931034482753
9 0.5642307692307692 0.9094655172413794 0.03999038461538454 0.07563793103448267
12 0.7458557692307692 0.895103448275862 0.04389423076923086 0.07748275862068975
13 0.24722115384615387 0.7528103448275862 0.03954807692307692 0.07325862068965519
6 0.479173076923077 0.5840172413793103 0.04234615384615387 0.07818965517241383
11 0.7675192307692308 0.8192241379310344 0.040951923076923 0.07082758620689662
3 0.6380865384615385 0.7142413793103448 0.03749038461538463 0.07125862068965524
5 0.6598365384615384 0.6204827586206897 0.03903846153846145 0.06910344827586214
4 0.45745192307692306 0.8596206896551724 0.028365384615384615 0.05718965517241372
8 0.6450288461538461 0.7945344827586207 0.03525961538461545 0.06322413793103442
10 0.252 0.8599137931034483 0.036057692307692304 0.06465517241379311
2 0.16826923076923078 0.9066034482758621 0.04006730769230771 0.06322413793103451
14 0.19110576923076922 0.8211206896551724 0.036057692307692304 0.06177586206896559
0 0.7311730769230769 0.7729827586206897 0.03766346153846161 0.06322413793103442
15 0.7992788461538461 0.8656551724137931 0.039259615384615316 0.070396551724138