7 0.7045865384615384 0.503051724137931 0.039240384615384566 0.07610344827586205
3 0.646201923076923 0.4257241379310345 0.03875961538461533 0.07449999999999997
1 0.7986634615384616 0.49315517241379303 0.04122115384615374 0.07694827586206895
9 0.7227596153846153 0.33070689655172414 0.04011538461538464 0.07741379310344823
10 0.6131346153846153 0.23120689655172413 0.037326923076923015 0.07625862068965518
6 0.16918269230769228 0.4060689655172414 0.04379807692307693 0.07986206896551723
5 0.2739326923076923 0.5344827586206896 0.04052884615384613 0.07201724137931031
15 0.3928365384615385 0.5599137931034482 0.038528846153846205 0.06851724137931037
2 0.7421538461538462 0.40815517241379307 0.0410000000000001 0.07363793103448273
13 0.34436538461538463 0.40663793103448276 0.03936538461538467 0.07532758620689654
8 0.8056923076923077 0.3771551724137931 0.034451923076923005 0.0703965517241379
4 0.7399807692307693 0.5395172413793103 0.0328557692307693 0.06177586206896559
0 0.6177884615384616 0.5395172413793103 0.038461538461538464 0.06177586206896559
11 0.38781730769230766 0.41451724137931034 0.03685576923076927 0.06753448275862071
12 0.3161057692307692 0.5718448275862069 0.040865384615384616 0.0747068965517242
14 0.13942307692307693 0.6242758620689655 0.03685576923076921 0.06465517241379311