7 0.7045865384615384 0.503051724137931 0.039240384615384614 0.07610344827586207
3 0.646201923076923 0.4257241379310345 0.038759615384615385 0.0745
1 0.7986634615384616 0.49315517241379303 0.041221153846153845 0.07694827586206897
9 0.7227596153846153 0.33070689655172414 0.040115384615384615 0.07741379310344827
10 0.6131346153846153 0.23120689655172413 0.03732692307692308 0.07625862068965517
6 0.16918269230769228 0.4060689655172414 0.04379807692307692 0.07986206896551724
5 0.2739326923076923 0.5344827586206896 0.04052884615384615 0.07201724137931036
15 0.3928365384615385 0.5599137931034482 0.03852884615384616 0.06851724137931035
2 0.7421538461538462 0.40815517241379307 0.041 0.07363793103448275
13 0.34436538461538463 0.40663793103448276 0.039365384615384615 0.07532758620689654
8 0.8056923076923077 0.3771551724137931 0.034451923076923074 0.07039655172413793
4 0.7399807692307693 0.5395172413793103 0.03285576923076923 0.061775862068965515
0 0.6177884615384616 0.5395172413793103 0.038461538461538464 0.061775862068965515
11 0.38781730769230766 0.41451724137931034 0.03685576923076923 0.06753448275862069
12 0.3161057692307692 0.5718448275862069 0.040865384615384616 0.07470689655172413
14 0.13942307692307693 0.6242758620689655 0.03685576923076923 0.06465517241379311