3 0.20983653846153846 0.38451724137931037 0.038836538461538464 0.07403448275862068
9 0.5401153846153847 0.3766551724137931 0.037903846153846156 0.07141379310344828
6 0.34328846153846154 0.5530862068965517 0.03957692307692307 0.0723448275862069
11 0.6182211538461538 0.5826206896551724 0.03644230769230769 0.0638448275862069
5 0.05318269230769231 0.20498275862068965 0.04141346153846154 0.06643103448275862
7 0.644423076923077 0.635 0.03607692307692308 0.06856896551724138
1 0.7449615384615385 0.6539827586206897 0.039961538461538465 0.06696551724137932
13 0.12000961538461538 0.5934655172413793 0.03758653846153846 0.06970689655172414
2 0.3398173076923077 0.3428965517241379 0.04056730769230769 0.07555172413793103
0 0.6897788461538461 0.7598793103448276 0.039134615384615386 0.07451724137931034
10 0.2881923076923077 0.3253103448275862 0.03636538461538462 0.07320689655172415
14 0.7892596153846154 0.7658103448275863 0.03525961538461539 0.057465517241379306
8 0.6730769230769231 0.5229827586206897 0.03525961538461539 0.06322413793103449
4 0.6201923076923077 0.5064655172413793 0.04166346153846154 0.0761551724137931
15 0.4250769230769231 0.6867758620689655 0.03766346153846154 0.06608620689655172
12 0.499201923076923 0.8182413793103448 0.03525961538461539 0.06753448275862069