3 0.8746442307692308 0.1925 0.040221153846153844 0.07346551724137931
5 0.85425 0.10651724137931035 0.04280769230769231 0.07677586206896551
14 0.31 0.7966551724137931 0.03585576923076923 0.06922413793103448
9 0.53 0.8398103448275862 0.04104807692307692 0.06756896551724137
10 0.37370192307692307 0.5995344827586208 0.03650961538461538 0.07682758620689656
11 0.4012788461538461 0.15517241379310345 0.037634615384615384 0.07077586206896551
8 0.763673076923077 0.3292758620689655 0.041721153846153845 0.07870689655172414
1 0.6995576923076923 0.356448275862069 0.039105769230769236 0.07056896551724137
0 0.7355769230769231 0.3699655172413793 0.03685576923076923 0.07039655172413793
12 0.4987980769230769 0.38074137931034485 0.039259615384615386 0.0718448275862069
13 0.28886538461538463 0.5193965517241379 0.034451923076923074 0.06753448275862069
6 0.4795673076923077 0.5883620689655172 0.036057692307692304 0.06753448275862069
7 0.3954326923076923 0.902293103448276 0.036057692307692304 0.06608620689655172
2 0.361375 0.8987068965517241 0.03685576923076923 0.07039655172413793
15 0.5993557692307693 0.37858620689655176 0.04326923076923077 0.0761551724137931
4 0.6458365384615384 0.19755172413793104 0.04166346153846154 0.07039655172413793