3 0.2808076923076923 0.4420344827586207 0.03882692307692307 0.07610344827586205
11 0.47839423076923077 0.5511551724137931 0.036942307692307705 0.061258620689655124
10 0.2904519230769231 0.30579310344827587 0.03794230769230773 0.07294827586206896
9 0.3686634615384616 0.14508620689655174 0.04034615384615388 0.0776896551724138
4 0.08326923076923076 0.2957241379310345 0.04085576923076924 0.07813793103448274
14 0.2730192307692308 0.1174655172413793 0.03931730769230768 0.07562068965517242
2 0.21061538461538462 0.7596206896551724 0.043432692307692325 0.07753448275862074
6 0.698951923076923 0.4651896551724138 0.04121153846153836 0.0793965517241379
5 0.7391346153846154 0.5355689655172414 0.040038461538461634 0.0720689655172413
7 0.32979807692307694 0.19543103448275861 0.038461538461538464 0.07613793103448278
13 0.8924326923076923 0.47550000000000003 0.041423076923076854 0.07718965517241376
1 0.48448076923076927 0.4462413793103448 0.03800961538461536 0.06858620689655168
0 0.2568076923076923 0.5718448275862069 0.040865384615384616 0.06896551724137931
12 0.796875 0.39870689655172414 0.040865384615384616 0.07327586206896551
8 0.8545673076923077 0.35344827586206895 0.039259615384615316 0.0747068965517241
15 0.9358942307692308 0.552448275862069 0.04006730769230776 0.070396551724138