10 0.4699326923076923 0.43537931034482763 0.03717307692307692 0.07074137931034483
13 0.13736538461538464 0.3575344827586207 0.037682692307692306 0.06748275862068966
7 0.10049038461538462 0.5040517241379311 0.04264423076923077 0.08229310344827585
1 0.0954423076923077 0.34722413793103446 0.04183653846153846 0.07196551724137931
2 0.8910865384615385 0.10055172413793104 0.034576923076923075 0.06687931034482758
6 0.5510096153846153 0.7456379310344828 0.040336538461538465 0.07827586206896552
3 0.4115096153846154 0.8419137931034483 0.03611538461538462 0.06996551724137931
11 0.0970576923076923 0.599 0.040221153846153844 0.06301724137931033
5 0.39703846153846156 0.7169482758620689 0.036057692307692304 0.06896551724137931
15 0.06209615384615384 0.5646551724137931 0.040865384615384616 0.06896551724137931
9 0.12099038461538461 0.1853448275862069 0.04166346153846154 0.06896551724137931
12 0.055692307692307694 0.2097758620689655 0.039259615384615386 0.07470689655172413
14 0.13822115384615385 0.8728448275862069 0.036057692307692304 0.06753448275862069
8 0.12379807692307693 0.8146551724137931 0.034451923076923074 0.06608620689655172
4 0.05689423076923077 0.7758620689655172 0.040067307692307694 0.06608620689655172
0 0.09639423076923077 0.844103448275862 0.021317307692307694 0.036500000000000005