5 0.06859615384615385 0.514293103448276 0.04358653846153846 0.07103448275862069
1 0.8014423076923077 0.2646724137931034 0.04009615384615385 0.07136206896551724
3 0.4851826923076923 0.34322413793103446 0.03766346153846154 0.07644827586206897
10 0.6205192307692308 0.16539655172413795 0.037105769230769234 0.07612068965517241
6 0.11532692307692308 0.4211034482758621 0.04343269230769231 0.07787931034482759
15 0.2601346153846154 0.6041896551724139 0.039865384615384615 0.07167241379310345
9 0.817451923076923 0.18563793103448276 0.04083653846153846 0.08082758620689656
2 0.7461346153846155 0.17912068965517242 0.04168269230769231 0.08317241379310346
11 0.27011538461538465 0.4066551724137931 0.04117307692307692 0.06927586206896552
8 0.6778557692307693 0.5183275862068966 0.03991346153846154 0.07387931034482759
12 0.13945192307692308 0.47415517241379307 0.03979807692307692 0.07198275862068966
4 0.7183461538461539 0.7945344827586207 0.039259615384615386 0.07470689655172413
0 0.5076153846153846 0.4209827586206896 0.039259615384615386 0.06322413793103449
7 0.6911057692307693 0.30244827586206896 0.034451923076923074 0.0761551724137931
13 0.21033653846153846 0.4267241379310345 0.036057692307692304 0.06608620689655172
14 0.08798076923076924 0.8482758620689655 0.08653846153846154 0.8543103448275862 0.09519230769230769 0.8870689655172413 0.09471153846153846 0.9310344827586207 0.11153846153846154 0.9077586206896552 0.11442307692307692 0.8836206896551724 0.10721153846153846 0.8568965517241379 0.0985576923076923 0.8482758620689655