10 0.34534615384615386 0.5566206896551724 0.03718269230769227 0.07122413793103459
2 0.9001730769230769 0.18172413793103448 0.04398076923076924 0.0853448275862069
3 0.9327019230769231 0.35115517241379307 0.04074038461538451 0.07491379310344826
9 0.11004807692307693 0.7565172413793103 0.040115384615384615 0.07134482758620689
1 0.9004807692307693 0.6671896551724138 0.0404999999999999 0.06894827586206898
6 0.2582115384615385 0.44165517241379315 0.03758653846153849 0.0763103448275862
11 0.4179230769230769 0.3102241379310345 0.03813461538461536 0.06622413793103443
5 0.22998076923076924 0.3802068965517242 0.04229807692307693 0.06793103448275858
14 0.05541346153846155 0.7620172413793104 0.04089423076923078 0.07143103448275853
13 0.948125 0.5885862068965517 0.04157692307692309 0.06874137931034484
0 0.9443653846153846 0.2518448275862069 0.03983653846153852 0.07018965517241378
7 0.8760288461538462 0.7222931034482759 0.03640384615384606 0.06527586206896555
8 0.80975 0.7610862068965517 0.04121153846153836 0.06896551724137931
15 0.30974999999999997 0.45320689655172414 0.03708653846153851 0.06403448275862067
12 0.16414423076923076 0.7198275862068966 0.039836538461538465 0.07018965517241385
4 0.1366730769230769 0.8928620689655172 0.039836538461538465 0.07143103448275863