7 0.9308461538461539 0.6200172413793104 0.04052884615384624 0.07575862068965526
13 0.5643750000000001 0.6553275862068965 0.03612499999999994 0.07413793103448275
5 0.3724519230769231 0.5951034482758621 0.03700961538461539 0.06305172413793111
1 0.1076923076923077 0.8646551724137931 0.021153846153846155 0.06724137931034482
9 0.6702692307692308 0.6630689655172414 0.034451923076923005 0.06177586206896559
14 0.6870961538461539 0.5775862068965517 0.034451923076923005 0.0660862068965518
10 0.7283653846153846 0.5589137931034484 0.03365384615384615 0.06322413793103442
2 0.7692307692307693 0.6623620689655173 0.04006730769230776 0.0660862068965518
12 0.5889423076923077 0.5797413793103449 0.036855769230769164 0.070396551724138
6 0.47916346153846145 0.5869310344827586 0.03846153846153841 0.06465517241379311
0 0.4599326923076923 0.3915172413793104 0.038461538461538464 0.06753448275862071
3 0.5272403846153847 0.4813275862068966 0.04006730769230776 0.06896551724137931
11 0.42227884615384614 0.4468448275862069 0.03525961538461535 0.06322413793103446
4 0.3369423076923077 0.6379310344827587 0.03925961538461542 0.07184482758620682
15 0.22756730769230765 0.8843448275862068 0.038461538461538436 0.0703965517241379
8 0.17627884615384617 0.9137931034482759 0.038461538461538464 0.0747068965517241