13 0.874625 0.4083275862068966 0.039644230769230765 0.07463793103448275
3 0.46553846153846157 0.8121896551724138 0.03795192307692308 0.07587931034482759
1 0.6376346153846154 0.5327068965517242 0.03819230769230769 0.06879310344827586
11 0.8021634615384615 0.33698275862068966 0.03739423076923077 0.06517241379310344
4 0.3186826923076923 0.527603448275862 0.038884615384615386 0.07493103448275862
10 0.7816826923076924 0.8966206896551724 0.03360576923076923 0.06263793103448276
15 0.4502019230769231 0.13210344827586207 0.03691346153846154 0.06317241379310345
7 0.6323269230769231 0.7515689655172414 0.037134615384615384 0.0736896551724138
2 0.5067596153846153 0.47550000000000003 0.039125 0.08048275862068965
6 0.7035865384615385 0.8661379310344828 0.040442307692307694 0.07070689655172413
9 0.5044038461538461 0.635051724137931 0.029644230769230766 0.0603448275862069
0 0.8036826923076923 0.2679655172413793 0.040067307692307694 0.05891379310344828
8 0.8884615384615384 0.12155172413793103 0.8865384615384615 0.1456896551724138 0.895673076923077 0.17413793103448275 0.9100961538461538 0.17758620689655172 0.9211538461538461 0.1629310344827586 0.9221153846153847 0.1560344827586207 0.9115384615384615 0.1336206896551724 0.9043269230769231 0.09827586206896552 0.8966346153846154 0.10344827586206896
5 0.7640192307692308 0.2234137931034483 0.036057692307692304 0.06465517241379311
12 0.29406730769230766 0.4504310344827586 0.038461538461538464 0.07327586206896551
14 0.6029615384615385 0.7974137931034483 0.03125 0.0603448275862069