1 0.4229326923076923 0.32568965517241383 0.036451923076923076 0.06386206896551724
10 0.37626923076923074 0.610706896551724 0.037913461538461535 0.07436206896551724
11 0.14617307692307693 0.4365 0.04130769230769231 0.06891379310344828
7 0.8765384615384616 0.7195172413793103 0.03661538461538461 0.0723448275862069
5 0.07553846153846154 0.4401551724137931 0.04023076923076924 0.06803448275862069
3 0.3279134615384615 0.22363793103448276 0.03931730769230769 0.07660344827586207
13 0.4344326923076923 0.25541379310344825 0.03789423076923076 0.07875862068965517
0 0.5255480769230769 0.279051724137931 0.039211538461538464 0.08013793103448276
2 0.3856923076923077 0.21001724137931035 0.039586538461538465 0.07851724137931035
9 0.44896153846153847 0.8808965517241379 0.02675961538461538 0.054879310344827584
8 0.842951923076923 0.6616379310344828 0.03685576923076923 0.06465517241379311
12 0.16506730769230768 0.7262931034482759 0.040067307692307694 0.07039655172413793
14 0.08934615384615385 0.7708275862068965 0.040865384615384616 0.07327586206896551
4 0.15425 0.8627931034482759 0.042471153846153846 0.07327586206896551
6 0.2704326923076923 0.8577586206896551 0.039259615384615386 0.06608620689655172
15 0.32732692307692307 0.875 0.039259615384615386 0.06896551724137931