9 0.3600480769230769 0.3150862068965517 0.03659615384615385 0.06970689655172414
2 0.3381153846153846 0.37336206896551727 0.039634615384615386 0.07582758620689654
10 0.7124519230769231 0.5826206896551724 0.03619230769230769 0.07377586206896551
3 0.3107403846153846 0.32817241379310347 0.03682692307692308 0.06429310344827587
1 0.7436826923076922 0.20058620689655174 0.03983653846153846 0.07093103448275861
8 0.3178076923076923 0.2567931034482759 0.041 0.07436206896551724
13 0.31634615384615383 0.533551724137931 0.035951923076923076 0.06877586206896552
0 0.7027211538461539 0.11422413793103449 0.03365384615384615 0.07039655172413793
15 0.7387788461538461 0.1271551724137931 0.03685576923076923 0.06753448275862069
5 0.6830961538461539 0.1810344827586207 0.036057692307692304 0.06322413793103449
11 0.6366153846153847 0.15805172413793103 0.03766346153846154 0.06608620689655172
4 0.6458365384615384 0.22917241379310344 0.038461538461538464 0.07327586206896551
6 0.39783653846153844 0.31824137931034485 0.03766346153846154 0.07039655172413793
12 0.499201923076923 0.5280172413793104 0.038461538461538464 0.06465517241379311
14 0.6510384615384616 0.449 0.040865384615384616 0.061775862068965515
7 0.6390192307692308 0.5122068965517241 0.036057692307692304 0.06753448275862069