1 0.7170769230769231 0.1739137931034483 0.04075961538461539 0.07355172413793103
7 0.8936346153846154 0.5242241379310345 0.038182692307692306 0.07363793103448275
5 0.1735673076923077 0.24549999999999997 0.04202884615384615 0.07417241379310345
11 0.28736538461538463 0.5835689655172415 0.035278846153846154 0.06270689655172414
13 0.3253846153846154 0.5751034482758621 0.03608653846153846 0.06486206896551723
2 0.49153846153846154 0.7176206896551725 0.04057692307692308 0.0771896551724138
6 0.9464038461538461 0.4000862068965517 0.044634615384615384 0.07789655172413792
12 0.876951923076923 0.8622413793103448 0.03880769230769231 0.07255172413793103
14 0.9221923076923078 0.18348275862068966 0.02579807692307692 0.03477586206896552
0 0.25440384615384615 0.5150862068965517 0.039259615384615386 0.061775862068965515
8 0.27403846153846156 0.449 0.03525961538461539 0.07327586206896551
15 0.13661538461538464 0.8591896551724137 0.036057692307692304 0.06608620689655172
3 0.8637788461538461 0.3397931034482759 0.038461538461538464 0.07901724137931034
10 0.9415096153846153 0.7255689655172414 0.03525961538461539 0.06322413793103449
9 0.888625 0.7543103448275862 0.040067307692307694 0.07470689655172413
4 0.0878173076923077 0.8283103448275863 0.019230769230769232 0.03305172413793104