10 0.34534615384615386 0.5566206896551724 0.03718269230769231 0.07122413793103449
2 0.9001730769230769 0.18172413793103448 0.04398076923076923 0.0853448275862069
3 0.9327019230769231 0.35115517241379307 0.040740384615384616 0.07491379310344828
9 0.11004807692307693 0.7565172413793103 0.040115384615384615 0.0713448275862069
1 0.9004807692307693 0.6671896551724138 0.040499999999999994 0.06894827586206898
6 0.2582115384615385 0.44165517241379315 0.03758653846153846 0.07631034482758621
11 0.4179230769230769 0.3102241379310345 0.03813461538461538 0.06622413793103447
5 0.22998076923076924 0.3802068965517242 0.042298076923076924 0.06793103448275861
14 0.05541346153846154 0.7620172413793104 0.04089423076923077 0.07143103448275862
13 0.948125 0.5885862068965517 0.04157692307692308 0.06874137931034482
0 0.9443653846153846 0.2518448275862069 0.03983653846153846 0.0701896551724138
7 0.8760288461538462 0.7222931034482759 0.036403846153846155 0.06527586206896552
8 0.80975 0.7610862068965517 0.04121153846153846 0.06896551724137931
15 0.30974999999999997 0.45320689655172414 0.03708653846153846 0.06403448275862068
12 0.16414423076923076 0.7198275862068966 0.03983653846153846 0.0701896551724138
4 0.1366730769230769 0.8928620689655172 0.03983653846153846 0.07143103448275862