7 0.9308461538461539 0.6200172413793104 0.04052884615384615 0.07575862068965517
13 0.5643750000000001 0.6553275862068965 0.036125 0.07413793103448275
5 0.3724519230769231 0.5951034482758621 0.037009615384615384 0.06305172413793103
1 0.1076923076923077 0.8646551724137931 0.021153846153846155 0.06724137931034482
9 0.6702692307692308 0.6630689655172414 0.034451923076923074 0.061775862068965515
14 0.6870961538461539 0.5775862068965517 0.034451923076923074 0.06608620689655172
10 0.7283653846153846 0.5589137931034484 0.03365384615384615 0.06322413793103449
2 0.7692307692307693 0.6623620689655173 0.040067307692307694 0.06608620689655172
12 0.5889423076923077 0.5797413793103449 0.03685576923076923 0.07039655172413793
6 0.4791634615384615 0.5869310344827586 0.038461538461538464 0.06465517241379311
0 0.4599326923076923 0.3915172413793104 0.038461538461538464 0.06753448275862069
3 0.5272403846153847 0.4813275862068966 0.040067307692307694 0.06896551724137931
11 0.42227884615384614 0.4468448275862069 0.03525961538461539 0.06322413793103449
4 0.3369423076923077 0.6379310344827587 0.039259615384615386 0.0718448275862069
15 0.22756730769230768 0.8843448275862068 0.038461538461538464 0.07039655172413793
8 0.17627884615384617 0.9137931034482759 0.038461538461538464 0.07470689655172413