3 0.233625 0.2924827586206896 0.039846153846153844 0.07360344827586207
13 0.407625 0.33770689655172415 0.03769230769230769 0.07124137931034483
9 0.16926923076923076 0.10875862068965517 0.04 0.062396551724137925
2 0.3813365384615384 0.3915 0.03890384615384616 0.06855172413793104
1 0.406125 0.45844827586206893 0.03851923076923077 0.06418965517241379
5 0.6520865384615384 0.4593275862068966 0.03794230769230769 0.06636206896551725
7 0.07789423076923077 0.3864137931034483 0.040009615384615387 0.06863793103448276
12 0.06051923076923077 0.19139655172413794 0.03905769230769231 0.06260344827586208
4 0.061663461538461535 0.26912068965517244 0.042971153846153846 0.08303448275862069
15 0.13245192307692308 0.13334482758620692 0.042067307692307696 0.07253448275862069
6 0.12217307692307693 0.34348275862068967 0.044605769230769234 0.0821551724137931
14 0.05301923076923077 0.3373793103448276 0.03671153846153846 0.06351724137931035
11 0.5864807692307693 0.3539827586206897 0.03711538461538462 0.0726206896551724
10 0.47327884615384613 0.49289655172413793 0.03829807692307692 0.07320689655172415
0 0.45398076923076924 0.4162586206896552 0.038461538461538464 0.0665
8 0.7372980769230769 0.6367068965517242 0.036403846153846155 0.07389655172413793