1 0.7170769230769231 0.1739137931034483 0.04075961538461548 0.07355172413793103
7 0.8936346153846154 0.5242241379310345 0.03818269230769234 0.07363793103448282
5 0.1735673076923077 0.24549999999999997 0.04202884615384613 0.07417241379310344
11 0.28736538461538463 0.5835689655172415 0.03527884615384621 0.06270689655172415
13 0.3253846153846154 0.5751034482758621 0.036086538461538434 0.06486206896551724
2 0.4915384615384615 0.7176206896551725 0.040576923076923066 0.07718965517241376
6 0.9464038461538461 0.4000862068965517 0.04463461538461545 0.07789655172413794
12 0.876951923076923 0.8622413793103448 0.03880769230769221 0.07255172413793101
14 0.9221923076923078 0.18348275862068966 0.025798076923076854 0.0347758620689655
0 0.25440384615384615 0.5150862068965517 0.0392596153846154 0.06177586206896559
8 0.27403846153846156 0.449 0.03525961538461535 0.07327586206896551
15 0.13661538461538464 0.8591896551724137 0.036057692307692304 0.0660862068965518
3 0.8637788461538461 0.3397931034482759 0.038461538461538464 0.07901724137931032
10 0.9415096153846153 0.7255689655172414 0.03525961538461545 0.06322413793103442
9 0.888625 0.7543103448275862 0.04006730769230776 0.0747068965517242
4 0.0878173076923077 0.8283103448275863 0.019230769230769232 0.03305172413793096