7 0.3353846153846154 0.5420862068965517 0.035192307692307696 0.06644827586206896
1 0.6517115384615384 0.34349999999999997 0.03982692307692308 0.07032758620689655
10 0.701375 0.2512931034482759 0.03820192307692307 0.075
3 0.6322211538461538 0.2671896551724138 0.03822115384615385 0.07920689655172414
5 0.44138461538461543 0.8437758620689655 0.04046153846153846 0.07012068965517242
13 0.45049999999999996 0.4504655172413793 0.035625 0.07077586206896551
4 0.16398076923076924 0.7362068965517241 0.03977884615384615 0.08201724137931035
15 0.19910576923076923 0.688051724137931 0.04230769230769231 0.07225862068965516
11 0.8140961538461539 0.12494827586206897 0.041019230769230766 0.06851724137931035
0 0.6255673076923077 0.702448275862069 0.041221153846153845 0.07689655172413794
8 0.9512403846153846 0.7967931034482758 0.038461538461538464 0.05912068965517241
9 0.46634615384615385 0.32820689655172414 0.032971153846153844 0.06281034482758621
14 0.4110576923076923 0.14286206896551723 0.03365384615384615 0.06403448275862068
12 0.7410673076923078 0.7604655172413793 0.03708653846153846 0.0726551724137931
6 0.6023365384615385 0.7623103448275862 0.03571153846153846 0.06156896551724138
2 0.9117403846153846 0.26477586206896553 0.037778846153846156 0.07389655172413793