2 0.9115576923076922 0.3458965517241379 0.04221153846153846 0.07606896551724138
3 0.8468653846153846 0.24387931034482757 0.04042307692307692 0.06563793103448276
6 0.9459326923076923 0.370051724137931 0.04240384615384615 0.07755172413793103
9 0.9446153846153846 0.2939310344827586 0.04241346153846154 0.07155172413793104
5 0.8830769230769231 0.28798275862068967 0.040365384615384615 0.0728448275862069
1 0.9425961538461538 0.19013793103448276 0.04143269230769231 0.04272413793103449
4 0.8441442307692307 0.49624137931034484 0.04269230769230769 0.07870689655172414
0 0.9465673076923077 0.4421206896551724 0.045134615384615384 0.06908620689655172
8 0.922625 0.4918793103448276 0.04007692307692308 0.07691379310344827
15 0.8996346153846154 0.16710344827586207 0.039625 0.07046551724137931
13 0.9181153846153847 0.2372241379310345 0.042173076923076924 0.06282758620689655
7 0.9221153846153847 0.7887931034482759 0.9201923076923076 0.8112068965517242 0.9264423076923077 0.8362068965517241 0.9586538461538462 0.8267241379310345 0.9557692307692308 0.7956896551724137 0.9466346153846154 0.7793103448275862 0.9322115384615385 0.7758620689655172
11 0.8537115384615385 0.17610344827586208 0.03571153846153846 0.05912068965517241
10 0.855423076923077 0.10344827586206896 0.04051923076923077 0.05912068965517241
12 0.8904519230769231 0.09729310344827587 0.02678846153846154 0.06403448275862068
14 0.9330384615384616 0.6822586206896551 0.036403846153846155 0.0665