9 0.13334615384615386 0.7871206896551723 0.04157692307692309 0.06941379310344827
14 0.055875 0.7619137931034483 0.042951923076923075 0.07239655172413795
6 0.9026923076923077 0.30674137931034484 0.04340384615384625 0.08125862068965517
10 0.8599711538461539 0.43962068965517237 0.037884615384615475 0.07558620689655168
1 0.9008365384615384 0.6666551724137931 0.03994230769230766 0.06903448275862063
0 0.4728653846153846 0.3552586206896552 0.04001923076923072 0.07868965517241377
11 0.5337884615384615 0.22067241379310343 0.03873076923076921 0.07224137931034484
2 0.7432596153846154 0.2478620689655172 0.042567307692307675 0.08575862068965519
3 0.08702884615384616 0.7132413793103448 0.045480769230769214 0.07853448275862061
4 0.13341346153846154 0.8929655172413793 0.04247115384615386 0.06753448275862071
8 0.8096923076923077 0.760051724137931 0.036057692307692304 0.06896551724137931
13 0.9499230769230769 0.5912413793103448 0.039259615384615316 0.07327586206896551
7 0.877 0.7241379310344828 0.03766346153846161 0.06896551724137931
15 0.9234807692307692 0.2011551724137931 0.03766346153846161 0.07470689655172416
12 0.16466346153846154 0.7155172413793104 0.040865384615384616 0.0660862068965518
5 0.5149038461538461 0.8793103448275862 0.5173076923076924 0.8732758620689656 0.5125 0.8439655172413794 0.5064102567307692 0.8376436775862068 0.49278846153846156 0.8362068965517241 0.4831730769230769 0.8505747120689655 0.48125 0.8758620689655172 0.5149038461538461 0.8793103448275862