7 0.9396538461538462 0.5866034482758621 0.03817307692307693 0.06529310344827585
1 0.20256730769230769 0.4493448275862069 0.03954807692307693 0.06863793103448276
3 0.4622307692307693 0.35732758620689653 0.03822115384615385 0.07498275862068966
6 0.6953750000000001 0.6262586206896552 0.03940384615384615 0.07860344827586208
5 0.2551442307692308 0.44132758620689655 0.041192307692307695 0.06913793103448276
10 0.4900096153846154 0.39770689655172414 0.036980769230769234 0.07201724137931036
13 0.6151538461538462 0.3717586206896552 0.035528846153846154 0.07146551724137931
15 0.07327884615384615 0.46844827586206894 0.043125000000000004 0.06951724137931034
2 0.34008653846153847 0.576896551724138 0.039125 0.07551724137931035
12 0.74725 0.49200000000000005 0.038461538461538464 0.0726551724137931
0 0.9416249999999999 0.5190862068965517 0.03708653846153846 0.06281034482758621
8 0.6236250000000001 0.46736206896551724 0.03708653846153846 0.07512068965517242
4 0.39148076923076924 0.9051724137931034 0.038461538461538464 0.07143103448275862
9 0.14800961538461538 0.7315344827586208 0.03365384615384615 0.05912068965517241
11 0.3571442307692308 0.4205689655172414 0.038461538461538464 0.06527586206896552
14 0.6607115384615384 0.677948275862069 0.03571153846153846 0.06774137931034482