1 0.7629326923076923 0.34436206896551724 0.04029807692307692 0.06913793103448276
6 0.37026923076923074 0.527206896551724 0.03914423076923077 0.08058620689655173
14 0.8447692307692307 0.2528620689655172 0.03906730769230769 0.07555172413793103
9 0.7388461538461538 0.16108620689655173 0.03931730769230769 0.07617241379310345
7 0.6193846153846153 0.29136206896551725 0.03842307692307692 0.07755172413793103
2 0.3470096153846154 0.4064310344827586 0.04146153846153846 0.07894827586206897
11 0.38925 0.4154655172413793 0.03905769230769231 0.06551724137931035
13 0.6528076923076923 0.3549655172413793 0.03728846153846154 0.07641379310344827
0 0.2610576923076923 0.6060689655172413 0.04208653846153847 0.07556896551724138
3 0.8073461538461538 0.1348448275862069 0.03502884615384615 0.06281034482758621
15 0.886673076923077 0.21551724137931033 0.03433653846153846 0.06896551724137931
12 0.9117403846153846 0.27894827586206894 0.037778846153846156 0.08498275862068966
5 0.9313173076923077 0.49691379310344824 0.04121153846153846 0.07512068965517242
8 0.5559711538461539 0.6132931034482758 0.03502884615384615 0.0665
10 0.885989010989011 0.1268472906403941 0.8836538461538461 0.15948275862068967 0.8927884615384616 0.17758620689655172 0.9024038461538462 0.1793103448275862 0.9182692307692307 0.1543103448275862 0.9017857142857143 0.11699507389162556
4 0.08605769230769231 0.8448275862068966 0.09519230769230769 0.9146551724137931 0.10625 0.9137931034482759 0.11826923076923077 0.8939655172413793 0.11634615384615385 0.8577586206896551 0.10048076923076923 0.8396551724137931