13 0.9252019230769231 0.45325862068965517 0.04106730769230773 0.06560344827586204
1 0.9426923076923077 0.6576206896551724 0.04418269230769235 0.06862068965517233
3 0.8538942307692308 0.7332931034482759 0.040173076923076895 0.07405172413793111
6 0.7321442307692307 0.5210862068965517 0.03913461538461543 0.08020689655172411
11 0.8651153846153846 0.3480344827586207 0.03992307692307691 0.06691379310344828
2 0.6510865384615384 0.47844827586206895 0.04080769230769236 0.08005172413793099
4 0.9294903846153846 0.5506724137931034 0.04068269230769225 0.07303448275862072
12 0.8938173076923077 0.5309827586206897 0.04044230769230764 0.0760172413793104
10 0.787375 0.8447413793103448 0.03878846153846146 0.0720689655172413
5 0.5266057692307692 0.8430172413793103 0.04162499999999997 0.07258620689655176
0 0.7451923076923077 0.3886551724137931 0.04166346153846147 0.07327586206896551
9 0.8557692307692307 0.8038793103448276 0.04326923076923077 0.070396551724138
14 0.8790096153846153 0.9145172413793102 0.036855769230769164 0.06465517241379311
15 0.9475192307692307 0.38649999999999995 0.039259615384615316 0.06896551724137931
7 0.9711538461538461 0.8370689655172414 0.9701923076923077 0.8094827586206896 0.9572115384615385 0.7827586206896552 0.94375 0.7810344827586206 0.9307692307692308 0.8025862068965517 0.9331730769230769 0.8310344827586207 0.9711538461538461 0.8370689655172414
8 0.9081730769230769 0.896551724137931 0.9201923076923076 0.8370689655172414 0.9110576923076923 0.8224137931034483 0.8995192307692308 0.8224137931034483 0.8894230769230769 0.8370689655172414 0.8903846153846153 0.8836206896551724 0.9081730769230769 0.896551724137931