3 0.3150192307692308 0.6033275862068965 0.039634615384615386 0.07148275862068966
1 0.6116826923076922 0.7942931034482759 0.039288461538461536 0.0658448275862069
9 0.15603846153846154 0.23932758620689656 0.040961538461538466 0.07175862068965516
6 0.3964423076923077 0.545896551724138 0.03817307692307693 0.07720689655172414
5 0.6592692307692307 0.5290344827586206 0.03809615384615384 0.06986206896551725
11 0.6010576923076923 0.25967241379310346 0.038384615384615385 0.06741379310344828
4 0.5333942307692308 0.4964655172413793 0.03666346153846154 0.07144827586206896
2 0.4856634615384615 0.35665517241379313 0.03621153846153846 0.07393103448275863
13 0.7076730769230769 0.44148275862068964 0.03452884615384615 0.0668103448275862
10 0.14522115384615386 0.3155 0.03979807692307692 0.0731206896551724
8 0.23327884615384617 0.46587931034482755 0.04082692307692308 0.07289655172413793
14 0.25789423076923074 0.7625689655172414 0.03639423076923077 0.07281034482758621
15 0.7416826923076923 0.35058620689655173 0.039634615384615386 0.06705172413793103
7 0.4508942307692308 0.5788103448275862 0.03227884615384615 0.05912068965517241
12 0.3626346153846154 0.764155172413793 0.038461538461538464 0.06774137931034482
0 0.5003461538461539 0.4291896551724138 0.036403846153846155 0.0603448275862069