9 0.13334615384615386 0.7871206896551723 0.04157692307692308 0.06941379310344828
14 0.055875 0.7619137931034483 0.04295192307692308 0.07239655172413793
6 0.9026923076923077 0.30674137931034484 0.043403846153846154 0.08125862068965517
10 0.8599711538461539 0.43962068965517237 0.037884615384615385 0.07558620689655172
1 0.9008365384615384 0.6666551724137931 0.039942307692307694 0.06903448275862069
0 0.4728653846153846 0.3552586206896552 0.040019230769230765 0.07868965517241379
11 0.5337884615384615 0.22067241379310343 0.038730769230769235 0.07224137931034483
2 0.7432596153846154 0.2478620689655172 0.042567307692307696 0.08575862068965517
3 0.08702884615384616 0.7132413793103448 0.04548076923076923 0.07853448275862068
4 0.13341346153846154 0.8929655172413793 0.042471153846153846 0.06753448275862069
8 0.8096923076923077 0.760051724137931 0.036057692307692304 0.06896551724137931
13 0.9499230769230769 0.5912413793103448 0.039259615384615386 0.07327586206896551
7 0.877 0.7241379310344828 0.03766346153846154 0.06896551724137931
15 0.9234807692307692 0.2011551724137931 0.03766346153846154 0.07470689655172413
12 0.16466346153846154 0.7155172413793104 0.040865384615384616 0.06608620689655172
5 0.4831730769230769 0.8505747126436782 0.48125 0.8758620689655172 0.5149038461538461 0.8793103448275862 0.5173076923076924 0.8732758620689656 0.5125 0.8439655172413794 0.5064102564102565 0.8376436781609196 0.4927884615384617 0.8362068965517241