3 0.9357211538461538 0.4789310344827586 0.03915384615384618 0.07113793103448274
7 0.845875 0.40446551724137925 0.038980769230769194 0.07496551724137929
1 0.36325961538461543 0.5671206896551724 0.03810576923076923 0.06541379310344818
11 0.2512307692307692 0.5318103448275862 0.03875961538461536 0.06753448275862062
6 0.7752115384615385 0.4676379310344828 0.03771153846153849 0.08046551724137929
13 0.6889134615384616 0.18572413793103448 0.03817307692307697 0.07672413793103448
10 0.948125 0.5938793103448275 0.03983653846153852 0.07343103448275867
9 0.8680769230769231 0.23879310344827587 0.03871153846153845 0.06570689655172417
2 0.8906923076923078 0.0986896551724138 0.033192307692307674 0.06379310344827588
14 0.8059711538461539 0.3288103448275862 0.03090384615384625 0.06649999999999999
0 0.8835865384615385 0.1711896551724138 0.03777884615384612 0.06156896551724139
15 0.9151826923076922 0.2506206896551724 0.039144230769230806 0.07018965517241378
8 0.8465 0.18472413793103448 0.035028846153846216 0.06156896551724139
12 0.9131153846153846 0.6126896551724138 0.03777884615384612 0.07265517241379307
5 0.861951923076923 0.580051724137931 0.038461538461538464 0.06650000000000009
4 0.9189519230769231 0.7567758620689655 0.03983653846153852 0.06774137931034477