3 0.110875 0.6298103448275862 0.03789423076923075 0.07005172413793102
7 0.07950961538461539 0.7937586206896552 0.04315384615384615 0.06943103448275859
2 0.12910576923076925 0.5113620689655172 0.04580769230769229 0.07758620689655173
1 0.056663461538461544 0.22313793103448273 0.043990384615384626 0.07143103448275863
6 0.6770865384615384 0.47760344827586204 0.04075961538461548 0.07698275862068961
9 0.8403846153846154 0.2949137931034483 0.04200000000000006 0.07825862068965515
4 0.10057692307692308 0.5520689655172414 0.035721153846153854 0.06520689655172422
5 0.11765384615384615 0.42617241379310344 0.04504807692307692 0.0679655172413793
15 0.09166346153846154 0.4808620689655172 0.04082692307692309 0.07091379310344827
10 0.33174038461538463 0.8657931034482759 0.04011538461538464 0.06746551724137931
12 0.11336538461538462 0.20551724137931032 0.04190384615384614 0.08037931034482756
8 0.14989423076923075 0.5816034482758621 0.040288461538461516 0.07453448275862072
11 0.08244230769230769 0.40520689655172415 0.04129807692307694 0.07125862068965515
13 0.43440384615384614 0.30908620689655175 0.037971153846153856 0.07717241379310344
14 0.36377884615384615 0.7097758620689656 0.03525961538461535 0.0660862068965518
0 0.054884615384615386 0.4906551724137931 0.04247115384615384 0.070396551724138