3 0.9357211538461538 0.4789310344827586 0.03915384615384615 0.07113793103448275
7 0.845875 0.4044655172413793 0.03898076923076923 0.0749655172413793
1 0.36325961538461543 0.5671206896551724 0.038105769230769235 0.06541379310344828
11 0.2512307692307692 0.5318103448275862 0.038759615384615385 0.06753448275862069
6 0.7752115384615385 0.4676379310344828 0.03771153846153846 0.08046551724137932
13 0.6889134615384616 0.18572413793103448 0.03817307692307693 0.07672413793103448
10 0.948125 0.5938793103448275 0.03983653846153846 0.07343103448275863
9 0.8680769230769231 0.23879310344827587 0.03871153846153846 0.06570689655172414
2 0.8906923076923078 0.09868965517241379 0.033192307692307695 0.06379310344827586
14 0.8059711538461539 0.3288103448275862 0.030903846153846153 0.0665
0 0.8835865384615385 0.1711896551724138 0.037778846153846156 0.06156896551724138
15 0.9151826923076922 0.2506206896551724 0.03914423076923077 0.0701896551724138
8 0.8465 0.18472413793103448 0.03502884615384615 0.06156896551724138
12 0.9131153846153846 0.6126896551724138 0.037778846153846156 0.0726551724137931
5 0.861951923076923 0.580051724137931 0.038461538461538464 0.0665
4 0.9189519230769231 0.7567758620689655 0.03983653846153846 0.06774137931034482