7 0.7019711538461538 0.48667241379310344 0.036884615384615384 0.07374137931034483
1 0.22712500000000002 0.4630344827586207 0.04166346153846154 0.0728448275862069
2 0.9095769230769231 0.24122413793103448 0.043182692307692304 0.0831551724137931
9 0.7187403846153846 0.40729310344827585 0.04038461538461539 0.07712068965517241
6 0.5186923076923078 0.3629310344827586 0.039759615384615386 0.08075862068965518
13 0.6841153846153847 0.21225862068965518 0.03569230769230769 0.0691551724137931
11 0.11634615384615385 0.5922931034482758 0.03903846153846154 0.06163793103448276
15 0.7831442307692308 0.5476724137931034 0.039740384615384615 0.07287931034482759
5 0.14372115384615383 0.16906896551724138 0.03970192307692308 0.06951724137931034
14 0.6780865384615385 0.27960344827586203 0.035557692307692304 0.0625
8 0.7278942307692308 0.1902241379310345 0.03927884615384616 0.07725862068965518
3 0.18189423076923075 0.15948275862068967 0.04166346153846154 0.0718448275862069
10 0.37660576923076927 0.7040172413793103 0.038461538461538464 0.07470689655172413
4 0.14223076923076922 0.7607758620689655 0.042471153846153846 0.07039655172413793
12 0.3425480769230769 0.7140862068965518 0.036057692307692304 0.06322413793103449
0 0.8028846153846154 0.11515517241379311 0.04121153846153846 0.0701896551724138