1 0.14650961538461538 0.36824137931034484 0.040874999999999995 0.0641724137931034
3 0.18924038461538462 0.8488965517241379 0.04041346153846151 0.07486206896551727
6 0.6079230769230769 0.45698275862068966 0.0398461538461539 0.07993103448275865
13 0.5456730769230769 0.3752068965517241 0.03644230769230778 0.07496551724137934
15 0.29123076923076924 0.7077241379310345 0.0394326923076923 0.06913793103448279
11 0.18604807692307693 0.30598275862068963 0.03623076923076924 0.060896551724137916
12 0.20953846153846153 0.1925344827586207 0.037663461538461555 0.07184482758620687
5 0.2548076923076923 0.23634482758620692 0.03685576923076924 0.06753448275862071
2 0.22355769230769232 0.3074655172413793 0.038461538461538464 0.0660862068965517
8 0.42988461538461537 0.40086206896551724 0.0376634615384615 0.06322413793103451
14 0.4423076923076923 0.48203448275862065 0.032048076923076964 0.06177586206896559
10 0.6290096153846153 0.6731379310344828 0.036855769230769164 0.070396551724138
9 0.84175 0.2995689655172414 0.036057692307692304 0.07327586206896551
0 0.2423846153846154 0.5431034482758621 0.037663461538461555 0.07184482758620682
7 0.20072115384615385 0.5423793103448276 0.036057692307692304 0.06465517241379311
4 0.30127884615384615 0.8577586206896551 0.03685576923076927 0.0660862068965517