3 0.110875 0.6298103448275862 0.03789423076923076 0.07005172413793104
7 0.07950961538461539 0.7937586206896552 0.043153846153846154 0.06943103448275863
2 0.12910576923076925 0.5113620689655172 0.045807692307692306 0.07758620689655173
1 0.05666346153846154 0.22313793103448273 0.04399038461538462 0.07143103448275862
6 0.6770865384615384 0.47760344827586204 0.04075961538461539 0.07698275862068965
9 0.8403846153846154 0.2949137931034483 0.042 0.07825862068965517
4 0.10057692307692308 0.5520689655172414 0.03572115384615385 0.06520689655172414
5 0.11765384615384615 0.42617241379310344 0.04504807692307693 0.06796551724137931
15 0.09166346153846154 0.4808620689655172 0.04082692307692308 0.07091379310344828
10 0.33174038461538463 0.8657931034482759 0.040115384615384615 0.06746551724137931
12 0.11336538461538462 0.20551724137931035 0.04190384615384615 0.08037931034482758
8 0.14989423076923075 0.5816034482758621 0.04028846153846154 0.07453448275862068
11 0.08244230769230769 0.40520689655172415 0.04129807692307692 0.07125862068965517
13 0.43440384615384614 0.30908620689655175 0.03797115384615385 0.07717241379310344
14 0.36377884615384615 0.7097758620689656 0.03525961538461539 0.06608620689655172
0 0.054884615384615386 0.4906551724137931 0.042471153846153846 0.07039655172413793