9 0.7736666666666666 0.335175 0.15596666666666667 0.137025
0 0.5309 0.33685000000000004 0.18780000000000002 0.14035
4 0.3312333333333333 0.3381 0.1378 0.1512
1 0.14126666666666668 0.34935000000000005 0.16343333333333335 0.11535000000000001
14 0.2269 0.46104999999999996 0.17363333333333333 0.105425
5 0.6520666666666667 0.46585 0.15723333333333334 0.119175
3 0.8585333333333334 0.46854999999999997 0.15906666666666666 0.1371
12 0.44836666666666664 0.4721 0.14983333333333335 0.106675
2 0.5212 0.592975 0.18993333333333332 0.148425
8 0.3182666666666667 0.604425 0.18966666666666665 0.10885
7 0.7762666666666667 0.60985 0.21123333333333333 0.128025
13 0.40886666666666666 0.7513500000000001 0.1986 0.13185
15 0.6457333333333334 0.75615 0.20013333333333333 0.145625