12 0.32626923076923076 0.10801724137931035 0.03973076923076923 0.06910344827586207
10 0.3696923076923077 0.1098448275862069 0.03696153846153846 0.06563793103448276
11 0.6950576923076923 0.22579310344827588 0.03884615384615384 0.06774137931034482
6 0.5873942307692308 0.3404655172413793 0.03822115384615385 0.08015517241379311
7 0.2698653846153846 0.12474137931034482 0.039634615384615386 0.07379310344827586
14 0.5259615384615385 0.16405172413793104 0.036788461538461534 0.06886206896551723
0 0.7590192307692307 0.4950862068965517 0.03860576923076923 0.06487931034482759
5 0.6311442307692308 0.20687931034482757 0.038163461538461535 0.06610344827586208
13 0.30506730769230767 0.18205172413793105 0.038384615384615385 0.0701896551724138
8 0.37579807692307693 0.21515517241379312 0.03871153846153846 0.06836206896551723
1 0.39502884615384615 0.15432758620689657 0.03998076923076923 0.0731551724137931
15 0.7142692307692308 0.12305172413793104 0.04 0.07270689655172415
3 0.5914903846153846 0.1664655172413793 0.03990384615384615 0.07501724137931035
9 0.5673750000000001 0.24736206896551724 0.038913461538461536 0.07001724137931034
2 0.6241538461538462 0.2996896551724138 0.03857692307692307 0.07546551724137932
4 0.2692019230769231 0.2191551724137931 0.03834615384615385 0.0818793103448276