12 0.7720096153846153 0.5837241379310345 0.03767307692307698 0.06575862068965514
0 0.2314326923076923 0.6116724137931034 0.03933653846153843 0.0672241379310345
15 0.7937211538461538 0.28115517241379306 0.03761538461538451 0.06932758620689651
11 0.7649903846153846 0.11770689655172413 0.0395096153846153 0.06877586206896553
9 0.8718942307692308 0.2854137931034483 0.04204807692307694 0.07565517241379309
2 0.26127884615384617 0.489 0.04064423076923075 0.07389655172413795
6 0.17132692307692307 0.4795689655172413 0.03975000000000003 0.06981034482758622
8 0.4427019230769231 0.5555344827586206 0.036826923076923035 0.06365517241379304
4 0.9325673076923077 0.6060689655172413 0.038403846153846205 0.0627413793103448
14 0.8519230769230769 0.5790172413793103 0.03622115384615392 0.060862068965517165
1 0.9285384615384615 0.4438793103448276 0.04057692307692312 0.06958620689655175
5 0.7587019230769231 0.2523103448275862 0.03990384615384615 0.06981034482758622
13 0.32424038461538457 0.47718965517241374 0.03892307692307694 0.06896551724137931
10 0.7724519230769231 0.3484655172413793 0.038067307692307616 0.06931034482758619
7 0.946076923076923 0.5213620689655172 0.040134615384615394 0.0669827586206897
3 0.19505769230769232 0.41674137931034483 0.04040384615384614 0.07010344827586211