12 0.6850576923076923 0.6093965517241379 0.03816346153846159 0.07055172413793097
0 0.6578173076923077 0.5483103448275862 0.0376250000000001 0.06524137931034488
1 0.7078846153846154 0.5419827586206897 0.03819230769230772 0.06572413793103449
11 0.6290288461538462 0.4793103448275862 0.038461538461538464 0.05962068965517248
10 0.8518557692307692 0.38610344827586207 0.03743269230769237 0.06653448275862074
3 0.7907211538461538 0.40994827586206906 0.04101923076923085 0.07306896551724142
5 0.8212211538461539 0.3461206896551724 0.04106730769230773 0.06889655172413789
4 0.690375 0.4220689655172414 0.03707692307692302 0.07039655172413795
13 0.8498173076923077 0.5016724137931035 0.0390192307692307 0.06917241379310346
8 0.8519903846153847 0.6070344827586207 0.03921153846153844 0.06515517241379304
9 0.6364038461538462 0.3669310344827586 0.03995192307692303 0.06755172413793105
6 0.7959807692307693 0.5566724137931035 0.03800961538461536 0.06899999999999996
7 0.6512596153846153 0.4296379310344828 0.03744230769230775 0.06327586206896554
15 0.8772980769230769 0.4586034482758621 0.040134615384615394 0.06844827586206899
14 0.6818076923076923 0.49456896551724144 0.03644230769230778 0.06408620689655166
2 0.8314230769230768 0.45015517241379305 0.03726923076923076 0.06739655172413798