5 0.6815411494328425 0.6247748013200431 0.037372530423677885 0.06687337941136853
12 0.29955282944899336 0.16235819849474678 0.04018355149489183 0.0740118750210466
10 0.23015946608323318 0.247497611210264 0.03950490217942458 0.07649300673912311
11 0.40864920982947717 0.7631458150929418 0.03739738464355469 0.06562384243669181
1 0.23584747314453125 0.4695263040476832 0.041097831726074216 0.06890043061355065
0 0.7591100839468149 0.49516138537176724 0.03906607994666467 0.06564231083310884
8 0.07103986006516677 0.7164227189688847 0.04133238792419434 0.0660443536166487
6 0.48677391639122597 0.21457740520608837 0.03980533893291767 0.0751501280685951
2 0.555127422626202 0.6931695346174569 0.038030242919921874 0.07261357800713901
13 0.7954458970289964 0.6415965639311692 0.038668353740985574 0.07069923137796336
7 0.8193222045898437 0.725769253434806 0.037844320443960335 0.0706426686254041
15 0.7141284649188702 0.12229705021299164 0.039816694993239185 0.07173171865529028
9 0.5713691124549278 0.5073838858768858 0.03791492168719952 0.06829760321255388
3 0.6499035175030048 0.4497784844760237 0.039120952899639426 0.07539309797615841
14 0.5199553269606371 0.19688910122575431 0.03623557457557092 0.06959591569571659
4 0.13813676100510816 0.2719897566170528 0.042335928403414214 0.0785315414954876