12 0.6463076923076922 0.2658103448275862 0.03841346153846154 0.07646551724137932
1 0.43218269230769235 0.5101379310344828 0.037384615384615384 0.06799999999999999
6 0.6840384615384615 0.814551724137931 0.041798076923076924 0.07296551724137931
11 0.4135865384615385 0.32217241379310346 0.03925 0.06548275862068965
14 0.6141634615384616 0.36074137931034483 0.03674038461538462 0.06567241379310346
0 0.6011153846153846 0.5970172413793103 0.03611538461538462 0.0625
15 0.5697884615384616 0.6258620689655172 0.03742307692307693 0.06810344827586207
2 0.623423076923077 0.538603448275862 0.039961538461538465 0.06698275862068966
5 0.3835480769230769 0.39986206896551724 0.03885576923076923 0.0644655172413793
8 0.46572115384615387 0.46594827586206894 0.03757692307692308 0.0678103448275862
7 0.36127884615384614 0.4757586206896552 0.03944230769230769 0.07248275862068965
10 0.7360673076923077 0.3954310344827586 0.037375 0.07520689655172413
3 0.8204423076923076 0.5661379310344827 0.038153846153846156 0.06927586206896552
4 0.7316826923076923 0.3088793103448276 0.03856730769230769 0.07805172413793104
9 0.3869711538461538 0.741448275862069 0.03857692307692307 0.06458620689655173
13 0.7339711538461539 0.910206896551724 0.03365384615384615 0.06465517241379311