12 0.09288461538461538 0.7585689655172414 0.04115384615384615 0.07003448275862069
10 0.5323269230769231 0.34565517241379307 0.037 0.07115517241379311
6 0.3107596153846154 0.3280862068965517 0.04156730769230769 0.08039655172413794
2 0.17429807692307694 0.4270344827586207 0.04215384615384616 0.07672413793103448
7 0.40623076923076923 0.34141379310344827 0.03684615384615385 0.06760344827586207
0 0.05724038461538462 0.5148793103448276 0.04459615384615385 0.07056896551724137
14 0.4153173076923077 0.40960344827586204 0.037730769230769234 0.06853448275862069
1 0.10308653846153845 0.3298103448275862 0.04138461538461538 0.0708448275862069
8 0.08578846153846154 0.559051724137931 0.04100961538461538 0.0668103448275862
15 0.3035576923076923 0.6274310344827586 0.038538461538461535 0.06829310344827585
3 0.4564711538461539 0.4101724137931035 0.03672115384615384 0.0675
13 0.1611923076923077 0.5828965517241379 0.04155769230769231 0.06927586206896552
4 0.4433846153846154 0.3402241379310345 0.037403846153846156 0.06722413793103449
5 0.47702884615384616 0.2705344827586207 0.03868269230769231 0.07187931034482758
11 0.056115384615384616 0.18686206896551724 0.04143269230769231 0.059482758620689656
9 0.05153846153846154 0.3637241379310345 0.04371153846153846 0.07072413793103449