12 0.7720096153846153 0.5837241379310345 0.03767307692307692 0.06575862068965517
0 0.2314326923076923 0.6116724137931034 0.03933653846153846 0.06722413793103449
15 0.7937211538461538 0.28115517241379306 0.03761538461538461 0.06932758620689655
11 0.7649903846153846 0.11770689655172413 0.039509615384615386 0.06877586206896552
9 0.8718942307692308 0.2854137931034483 0.04204807692307692 0.0756551724137931
2 0.26127884615384617 0.489 0.04064423076923077 0.07389655172413793
6 0.17132692307692307 0.4795689655172413 0.03975 0.0698103448275862
8 0.4427019230769231 0.5555344827586206 0.03682692307692308 0.0636551724137931
4 0.9325673076923077 0.6060689655172413 0.03840384615384615 0.06274137931034483
14 0.8519230769230769 0.5790172413793103 0.03622115384615385 0.060862068965517234
1 0.9285384615384615 0.4438793103448276 0.04057692307692308 0.06958620689655172
5 0.7587019230769231 0.2523103448275862 0.03990384615384615 0.0698103448275862
13 0.32424038461538457 0.47718965517241374 0.03892307692307692 0.06896551724137931
10 0.7724519230769231 0.3484655172413793 0.0380673076923077 0.06931034482758622
7 0.946076923076923 0.5213620689655172 0.04013461538461539 0.06698275862068966
3 0.19505769230769232 0.41674137931034483 0.04040384615384616 0.07010344827586207