11 0.29725 0.270448275862069 0.040711538461538466 0.07163793103448275
6 0.6723846153846154 0.6187068965517242 0.04007692307692308 0.07350000000000001
12 0.37158653846153844 0.31284482758620685 0.03845192307692308 0.07593103448275862
15 0.7795769230769231 0.5154137931034483 0.03618269230769231 0.06356896551724138
1 0.05886538461538461 0.46372413793103445 0.04388461538461538 0.07037931034482758
9 0.947451923076923 0.5220344827586206 0.04380769230769231 0.07163793103448275
10 0.6521826923076923 0.5423793103448276 0.03756730769230769 0.06894827586206898
3 0.29346153846153844 0.45 0.04025961538461538 0.07467241379310345
0 0.9419134615384616 0.35867241379310344 0.04085576923076923 0.06924137931034482
2 0.7669038461538462 0.4187758620689655 0.038730769230769235 0.07155172413793104
8 0.6314711538461538 0.682 0.038125 0.06736206896551725
7 0.188625 0.3497586206896552 0.03952884615384615 0.07486206896551724
14 0.3445 0.26834482758620687 0.03561538461538461 0.07013793103448276
13 0.7283942307692307 0.6945689655172415 0.03789423076923076 0.06913793103448276
5 0.2408173076923077 0.18329310344827587 0.042067307692307696 0.06812068965517241
4 0.4121923076923077 0.34082758620689657 0.03747115384615385 0.07501724137931035