12 0.8383269230769231 0.4451379310344828 0.03998076923076923 0.06975862068965517
6 0.8021250000000001 0.5927758620689655 0.03932692307692308 0.06943103448275863
11 0.5098365384615384 0.45337931034482754 0.03731730769230769 0.062189655172413795
10 0.8294519230769231 0.27184482758620687 0.03844230769230769 0.07317241379310345
5 0.6702692307692308 0.31367241379310346 0.03941346153846154 0.06670689655172414
0 0.6346153846153846 0.49817241379310345 0.03785576923076923 0.0621551724137931
14 0.9409230769230769 0.4796551724137931 0.03814423076923077 0.06879310344827586
8 0.6876538461538462 0.5390689655172414 0.038730769230769235 0.06753448275862069
3 0.9252019230769231 0.33434482758620687 0.03975 0.07267241379310345
15 0.5119807692307693 0.7036724137931034 0.03798076923076923 0.06958620689655172
13 0.7820576923076923 0.39699999999999996 0.038990384615384614 0.0746896551724138
7 0.9467788461538461 0.6786724137931034 0.040375 0.06648275862068966
1 0.7122980769230769 0.4896034482758621 0.03932692307692308 0.06770689655172414
2 0.5318173076923077 0.3924310344827586 0.038009615384615385 0.06337931034482758
4 0.6334615384615384 0.3730862068965517 0.03641346153846153 0.06894827586206898
9 0.6283269230769231 0.6098620689655173 0.03751923076923077 0.0631551724137931