10 0.6945769230769231 0.2307931034482759 0.037730769230769234 0.07012068965517242
12 0.6016250000000001 0.24093103448275863 0.03934615384615385 0.07046551724137931
11 0.38411538461538464 0.20539655172413793 0.039663461538461536 0.06689655172413793
15 0.701 0.5880862068965517 0.03843269230769231 0.06725862068965517
1 0.6216634615384615 0.3539827586206897 0.03844230769230769 0.06770689655172414
0 0.43554807692307695 0.7051206896551725 0.039019230769230764 0.06765517241379311
14 0.540201923076923 0.4239827586206896 0.03442307692307692 0.060086206896551725
3 0.7428846153846154 0.26832758620689656 0.039288461538461536 0.07229310344827586
13 0.6691153846153846 0.3682586206896552 0.03719230769230769 0.07160344827586207
6 0.7239615384615384 0.3397758620689655 0.036375 0.07001724137931034
8 0.6271730769230769 0.2896206896551724 0.036576923076923076 0.06094827586206897
5 0.36240384615384613 0.26770689655172414 0.03998076923076923 0.06736206896551725
7 0.34178846153846154 0.31862068965517243 0.03749038461538462 0.07837931034482759
4 0.6438173076923077 0.22205172413793103 0.03782692307692308 0.06753448275862069
2 0.6144615384615384 0.14068965517241377 0.03897115384615385 0.07301724137931034
9 0.6909038461538461 0.3084310344827586 0.03829807692307692 0.06581034482758621