12 0.6850576923076923 0.6093965517241379 0.038163461538461535 0.07055172413793104
0 0.6578173076923077 0.5483103448275862 0.037625000000000006 0.06524137931034484
1 0.7078846153846154 0.5419827586206897 0.03819230769230769 0.06572413793103447
11 0.6290288461538462 0.4793103448275862 0.038461538461538464 0.059620689655172414
10 0.8518557692307692 0.38610344827586207 0.037432692307692306 0.0665344827586207
3 0.7907211538461538 0.409948275862069 0.041019230769230766 0.07306896551724139
5 0.8212211538461539 0.3461206896551724 0.041067307692307695 0.06889655172413793
4 0.690375 0.4220689655172414 0.03707692307692308 0.07039655172413793
13 0.8498173076923077 0.5016724137931035 0.039019230769230764 0.06917241379310345
8 0.8519903846153847 0.6070344827586207 0.039211538461538464 0.06515517241379311
9 0.6364038461538462 0.3669310344827586 0.03995192307692307 0.06755172413793104
6 0.7959807692307693 0.5566724137931035 0.038009615384615385 0.069
7 0.6512596153846153 0.4296379310344828 0.03744230769230769 0.06327586206896552
15 0.8772980769230769 0.4586034482758621 0.04013461538461539 0.06844827586206897
14 0.6818076923076923 0.49456896551724144 0.03644230769230769 0.06408620689655173
2 0.8314230769230768 0.45015517241379305 0.03726923076923077 0.06739655172413794