12 0.8381346153846153 0.4451724137931034 0.039759615384615296 0.07039655172413795
11 0.511375 0.4517413793103448 0.03755769230769226 0.06222413793103454
10 0.829625 0.2717586206896552 0.038365384615384704 0.07370689655172413
6 0.8020192307692308 0.5929137931034483 0.03918269230769231 0.06949999999999991
5 0.6705000000000001 0.31360344827586206 0.039548076923077026 0.06593103448275864
0 0.6346057692307693 0.4983448275862069 0.03779807692307687 0.06224137931034487
14 0.9411057692307693 0.47968965517241385 0.03832692307692298 0.06906896551724129
8 0.6877019230769231 0.5392068965517242 0.03890384615384619 0.06793103448275858
3 0.925423076923077 0.3348103448275862 0.040192307692307645 0.0724310344827586
15 0.5120384615384616 0.7034827586206897 0.038048076923076865 0.07048275862068965
13 0.7820673076923077 0.3972758620689655 0.03920192307692306 0.07455172413793106
7 0.9469903846153847 0.6782758620689655 0.04041346153846151 0.06693103448275871
1 0.7121442307692307 0.4895862068965517 0.03899038461538457 0.06706896551724134
2 0.5321826923076923 0.39213793103448275 0.037807692307692244 0.06374137931034488
9 0.6281826923076923 0.6100172413793103 0.03786538461538472 0.06331034482758625
4 0.6329903846153846 0.3723793103448276 0.03759615384615376 0.07112068965517242