12 0.6462403846153847 0.26648275862068965 0.038115384615384613 0.07491379310344828
11 0.41375 0.32212068965517243 0.03923076923076923 0.06581034482758621
1 0.43222115384615384 0.5101206896551724 0.03767307692307692 0.06858620689655173
6 0.6840865384615386 0.8145172413793104 0.04213461538461538 0.07405172413793104
14 0.614326923076923 0.3607586206896552 0.03656730769230769 0.06544827586206897
2 0.623173076923077 0.5381896551724138 0.040240384615384615 0.06843103448275861
0 0.6010096153846154 0.596706896551724 0.03617307692307692 0.06367241379310344
5 0.3835769230769231 0.3980862068965517 0.03879807692307692 0.06462068965517241
8 0.46576923076923077 0.46712068965517245 0.03742307692307693 0.06660344827586208
15 0.5696346153846154 0.6259137931034482 0.037403846153846156 0.06822413793103449
10 0.7359807692307692 0.39536206896551723 0.037682692307692306 0.07594827586206897
7 0.36127884615384614 0.47568965517241374 0.03945192307692308 0.07253448275862069
4 0.7315096153846153 0.3086379310344827 0.038644230769230764 0.07627586206896553
3 0.8203942307692308 0.566948275862069 0.03841346153846154 0.06927586206896552
9 0.38700961538461537 0.7411379310344828 0.03831730769230769 0.06639655172413793
13 0.7331730769230769 0.910206896551724 0.03525961538461539 0.05891379310344828