11 0.2794326923076923 0.10858620689655171 0.039115384615384614 0.06598275862068965
12 0.3206826923076923 0.11570689655172414 0.03902884615384616 0.07003448275862069
6 0.31426923076923075 0.3507413793103448 0.04013461538461539 0.0781896551724138
3 0.28016346153846156 0.5112068965517241 0.03859615384615385 0.06801724137931035
0 0.7155384615384615 0.7342413793103448 0.038163461538461535 0.06905172413793104
2 0.3554038461538462 0.16951724137931035 0.040711538461538466 0.07917241379310345
10 0.7929326923076923 0.7190689655172414 0.03831730769230769 0.06772413793103449
7 0.3373173076923077 0.2349137931034483 0.03907692307692308 0.06894827586206898
1 0.43300961538461535 0.4408793103448276 0.039240384615384614 0.06839655172413793
15 0.4214423076923077 0.36025862068965514 0.03889423076923077 0.06824137931034482
8 0.28614423076923073 0.6412241379310345 0.037634615384615384 0.06501724137931035
14 0.2508269230769231 0.14908620689655172 0.036625000000000005 0.06768965517241379
13 0.27562499999999995 0.36608620689655175 0.03876923076923077 0.06867241379310345
5 0.14960576923076924 0.6509310344827587 0.04214423076923077 0.07144827586206896
9 0.07168269230769231 0.5936896551724138 0.038875 0.07025862068965517
4 0.6369326923076922 0.6983793103448276 0.038913461538461536 0.07331034482758621