1 0.18629807692307693 0.38649999999999995 0.041548076923076924 0.06932758620689655
12 0.7250865384615385 0.6117931034482759 0.03828846153846154 0.06813793103448276
11 0.6748173076923076 0.6255172413793104 0.03824038461538462 0.06482758620689655
0 0.6279230769230769 0.6904827586206896 0.03782692307692308 0.06836206896551723
6 0.72525 0.35758620689655174 0.040365384615384615 0.07991379310344827
8 0.5111634615384616 0.35693103448275865 0.03793269230769231 0.06763793103448275
3 0.19972115384615385 0.2598620689655172 0.041365384615384616 0.07613793103448276
4 0.8169711538461538 0.1266206896551724 0.03992307692307693 0.08043103448275862
14 0.494173076923077 0.444551724137931 0.03621153846153846 0.06522413793103447
15 0.7757596153846154 0.7679310344827586 0.038836538461538464 0.06393103448275862
10 0.5512307692307692 0.562103448275862 0.033711538461538466 0.06863793103448276
9 0.8929423076923076 0.20782758620689656 0.04085576923076923 0.07182758620689654
13 0.3074519230769231 0.6296551724137931 0.03845192307692308 0.06967241379310345
2 0.5224903846153846 0.5225862068965518 0.03993269230769231 0.07043103448275863
5 0.5687403846153847 0.46629310344827585 0.03714423076923077 0.06422413793103449
7 0.8129038461538461 0.8556034482758621 0.039259615384615386 0.0761551724137931