12 0.7819134615384616 0.23974137931034484 0.038913461538461536 0.07706896551724138
1 0.7442788461538461 0.7227068965517242 0.03876923076923077 0.06527586206896552
5 0.2544711538461538 0.6006551724137931 0.03967307692307692 0.06508620689655173
11 0.25614423076923076 0.5021896551724138 0.03839423076923077 0.062465517241379304
2 0.658375 0.16879310344827586 0.03553846153846154 0.07689655172413794
14 0.22939423076923077 0.3699655172413793 0.035951923076923076 0.0633103448275862
10 0.933625 0.4998103448275862 0.039365384615384615 0.06791379310344828
6 0.4663846153846154 0.5385689655172414 0.039865384615384615 0.07589655172413794
15 0.8302980769230769 0.4706206896551724 0.04 0.06943103448275863
3 0.9302307692307693 0.5728620689655173 0.03965384615384616 0.07398275862068965
7 0.5233076923076924 0.4173965517241379 0.038480769230769235 0.0698103448275862
0 0.5665096153846153 0.1782413793103448 0.038269230769230764 0.0716896551724138
8 0.22563461538461538 0.6336724137931034 0.03946153846153846 0.06931034482758622
13 0.1978653846153846 0.49948275862068964 0.04070192307692307 0.07058620689655172
9 0.8168365384615385 0.6487586206896552 0.038740384615384614 0.06410344827586206
4 0.6281538461538462 0.10918965517241379 0.03756730769230769 0.06974137931034484