1 0.2245096153846154 0.5694310344827586 0.040365384615384636 0.06918965517241378
0 0.6000961538461539 0.6053275862068965 0.03858653846153857 0.06756896551724127
5 0.34500000000000003 0.18594827586206897 0.04051923076923076 0.06948275862068967
10 0.23472115384615386 0.4626206896551724 0.0400096153846154 0.07022413793103452
14 0.1270769230769231 0.3608448275862069 0.037990384615384606 0.06605172413793103
2 0.38475961538461534 0.39855172413793105 0.038932692307692314 0.06910344827586204
8 0.25308653846153845 0.29537931034482756 0.03942307692307692 0.06906896551724138
3 0.21675 0.3917931034482759 0.0409326923076923 0.06941379310344827
12 0.6884038461538462 0.6234137931034482 0.03860576923076932 0.07281034482758623
13 0.35746153846153844 0.6164999999999999 0.03751923076923075 0.06850000000000003
11 0.6976249999999999 0.4937068965517242 0.038519230769230715 0.0653103448275862
15 0.7407884615384615 0.6968448275862069 0.040865384615384616 0.06896551724137931
6 0.7067307692307693 0.4224137931034483 0.036855769230769164 0.06608620689655174
4 0.8269230769230769 0.39439655172413796 0.036855769230769164 0.06753448275862071
9 0.8653846153846154 0.7945344827586207 0.036855769230769164 0.06322413793103442
7 0.7688269230769231 0.8520172413793103 0.039259615384615316 0.0660862068965518