0 0.46425 0.6982413793103449 0.03697115384615385 0.06836206896551723
5 0.3251538461538462 0.8334827586206897 0.037759615384615385 0.06389655172413794
11 0.3449423076923077 0.7746379310344828 0.037807692307692306 0.06294827586206896
12 0.5573846153846154 0.651 0.035903846153846154 0.06441379310344827
14 0.37206730769230767 0.7341206896551724 0.03413461538461538 0.060517241379310346
8 0.28172115384615387 0.8838793103448276 0.038375 0.0619655172413793
4 0.41309615384615384 0.754551724137931 0.03635576923076923 0.06713793103448275
2 0.5010769230769231 0.698103448275862 0.03804807692307692 0.07037931034482758
13 0.27988461538461534 0.6146896551724138 0.036798076923076926 0.0678103448275862
15 0.5667692307692308 0.7243103448275863 0.03821153846153846 0.06639655172413793
1 0.6189903846153846 0.8009999999999999 0.036057692307692304 0.07039655172413793
9 0.6089711538461539 0.7298793103448276 0.03685576923076923 0.06322413793103449
10 0.594548076923077 0.6515862068965518 0.03365384615384615 0.061775862068965515
3 0.6286057692307693 0.6681034482758621 0.034451923076923074 0.06608620689655172
6 0.36218269230769234 0.9087586206896553 0.03525961538461539 0.06753448275862069
7 0.4050480769230769 0.8491379310344828 0.03766346153846154 0.06608620689655172