1 0.2245096153846154 0.5694310344827586 0.040365384615384615 0.0691896551724138
0 0.6000961538461539 0.6053275862068965 0.038586538461538464 0.06756896551724137
5 0.34500000000000003 0.18594827586206897 0.04051923076923077 0.06948275862068964
10 0.23472115384615386 0.4626206896551724 0.040009615384615387 0.07022413793103448
14 0.1270769230769231 0.3608448275862069 0.03799038461538461 0.06605172413793103
2 0.38475961538461534 0.39855172413793105 0.03893269230769231 0.06910344827586207
8 0.25308653846153845 0.29537931034482756 0.03942307692307692 0.06906896551724138
3 0.21675 0.3917931034482759 0.04093269230769231 0.06941379310344828
12 0.6884038461538462 0.6234137931034482 0.03860576923076923 0.07281034482758621
13 0.35746153846153844 0.6164999999999999 0.03751923076923077 0.06849999999999999
11 0.6976249999999999 0.4937068965517242 0.03851923076923077 0.06531034482758621
15 0.7407884615384615 0.6968448275862069 0.040865384615384616 0.06896551724137931
6 0.7067307692307693 0.4224137931034483 0.03685576923076923 0.06608620689655172
4 0.8269230769230769 0.39439655172413796 0.03685576923076923 0.06753448275862069
9 0.8653846153846154 0.7945344827586207 0.03685576923076923 0.06322413793103449
7 0.7688269230769231 0.8520172413793103 0.039259615384615386 0.06608620689655172