8 0.11533653846153846 0.4951206896551724 0.04015384615384615 0.06789655172413793
14 0.14617307692307693 0.6845344827586206 0.03799038461538461 0.06370689655172414
4 0.2836153846153846 0.7448448275862068 0.038182692307692306 0.06658620689655172
1 0.4590096153846154 0.8032586206896551 0.03755769230769231 0.066
0 0.71 0.9103103448275862 0.038365384615384614 0.07256896551724139
6 0.6638653846153846 0.5502931034482759 0.03766346153846154 0.07470689655172413
11 0.797673076923077 0.5560344827586207 0.034451923076923074 0.0603448275862069
12 0.8305288461538461 0.521551724137931 0.039259615384615386 0.07470689655172413
7 0.8966346153846154 0.6271551724137931 0.038461538461538464 0.07039655172413793
15 0.8161057692307693 0.7535862068965516 0.042471153846153846 0.07327586206896551
5 0.6790865384615384 0.8426724137931034 0.03766346153846154 0.06753448275862069
10 0.6221923076923077 0.8477068965517242 0.03285576923076923 0.057465517241379306
9 0.33453846153846156 0.867103448275862 0.03766346153846154 0.061775862068965515
2 0.22796153846153847 0.8872068965517242 0.036057692307692304 0.07039655172413793
3 0.5464711538461539 0.8462586206896552 0.03685576923076923 0.06608620689655172
13 0.5504807692307693 0.9166724137931034 0.03525961538461539 0.0603448275862069