12 0.7336826923076922 0.3065862068965517 0.03755769230769231 0.07362068965517242
11 0.6835192307692308 0.449603448275862 0.039663461538461536 0.06813793103448276
15 0.684625 0.5872068965517241 0.03840384615384615 0.0683103448275862
10 0.5778461538461539 0.8635172413793103 0.03766346153846154 0.0675
6 0.4803557692307692 0.26305172413793104 0.03992307692307693 0.07879310344827586
0 0.17568269230769232 0.6551206896551725 0.04156730769230769 0.06848275862068966
1 0.5534807692307693 0.6869655172413793 0.03744230769230769 0.06460344827586206
5 0.6189134615384615 0.44625862068965516 0.037105769230769234 0.06312068965517241
2 0.7997884615384615 0.5328448275862069 0.04120192307692308 0.07756896551724138
7 0.7450096153846153 0.4095344827586207 0.03945192307692308 0.07274137931034483
8 0.4983461538461538 0.4936379310344828 0.03736538461538461 0.06574137931034484
3 0.5684038461538461 0.33463793103448275 0.037730769230769234 0.06996551724137931
14 0.707548076923077 0.5233448275862069 0.03548076923076923 0.06782758620689655
9 0.5845961538461538 0.40277586206896554 0.04020192307692308 0.06736206896551725
13 0.42333653846153846 0.291 0.03909615384615384 0.07406896551724138
4 0.09245192307692308 0.6370689655172413 0.042932692307692304 0.07567241379310345