12 0.3343846153846154 0.2602241379310345 0.03792307692307692 0.07372413793103448
11 0.6376442307692307 0.10963793103448276 0.03957692307692307 0.06893103448275861
0 0.5137499999999999 0.30429310344827587 0.03692307692307692 0.07060344827586207
5 0.5713942307692308 0.11058620689655173 0.03807692307692308 0.06920689655172414
10 0.3844711538461539 0.2353793103448276 0.03868269230769231 0.07372413793103448
2 0.4831923076923077 0.2076206896551724 0.04080769230769231 0.0731551724137931
9 0.4371057692307692 0.33256896551724136 0.038730769230769235 0.06701724137931034
13 0.40329807692307695 0.13387931034482758 0.039240384615384614 0.07567241379310345
3 0.4388365384615385 0.17220689655172414 0.03831730769230769 0.07558620689655172
7 0.5502211538461539 0.30382758620689654 0.036 0.06601724137931034
8 0.519173076923077 0.22327586206896552 0.035576923076923075 0.06094827586206897
4 0.5803653846153847 0.25725862068965516 0.0365 0.0728448275862069
1 0.45534615384615384 0.2502931034482758 0.036576923076923076 0.06948275862068964
15 0.4201730769230769 0.25962068965517243 0.034355769230769224 0.06620689655172414
14 0.5801153846153847 0.17525862068965517 0.037403846153846156 0.06589655172413793
6 0.5520288461538462 0.21387931034482757 0.03475 0.06505172413793103