12 0.4319519230769231 0.4073103448275862 0.038000000000000006 0.06958620689655172
5 0.6295480769230769 0.2440689655172414 0.039480769230769236 0.07025862068965517
11 0.49659615384615385 0.4510862068965517 0.03945192307692308 0.06553448275862069
6 0.6205384615384616 0.4228448275862069 0.03876923076923077 0.07775862068965518
1 0.22471153846153846 0.5696379310344827 0.039855769230769236 0.06758620689655173
10 0.29903846153846153 0.4149137931034483 0.039163461538461536 0.07086206896551725
2 0.5583173076923077 0.6664655172413794 0.040067307692307694 0.07887931034482759
8 0.7169326923076923 0.4462931034482759 0.037259615384615384 0.0667758620689655
14 0.6296057692307692 0.31870689655172413 0.03647115384615385 0.07144827586206896
4 0.446375 0.5935 0.03651923076923077 0.06672413793103449
0 0.37740384615384615 0.3502758620689655 0.038990384615384614 0.0731551724137931
3 0.573701923076923 0.3769310344827586 0.039 0.07229310344827586
15 0.2697980769230769 0.7958103448275862 0.038586538461538464 0.06670689655172414
7 0.1973076923076923 0.28929310344827586 0.040346153846153844 0.0723448275862069
9 0.25153846153846154 0.2818793103448276 0.04042307692307692 0.07017241379310345
13 0.35764423076923074 0.6171724137931034 0.03758653846153846 0.06989655172413793