12 0.4319519230769231 0.4073103448275862 0.037999999999999985 0.06958620689655175
5 0.6295480769230769 0.2440689655172414 0.03948076923076918 0.07025862068965517
11 0.49659615384615385 0.4510862068965517 0.03945192307692305 0.06553448275862067
6 0.6205384615384616 0.4228448275862069 0.03876923076923071 0.07775862068965521
1 0.22471153846153846 0.5696379310344827 0.03985576923076922 0.0675862068965518
10 0.29903846153846153 0.4149137931034482 0.03916346153846156 0.07086206896551724
2 0.5583173076923077 0.6664655172413794 0.04006730769230776 0.07887931034482759
8 0.7169326923076923 0.4462931034482759 0.037259615384615384 0.06677586206896555
14 0.6296057692307692 0.31870689655172413 0.03647115384615391 0.07144827586206896
4 0.446375 0.5935 0.03651923076923079 0.06672413793103456
0 0.37740384615384615 0.3502758620689655 0.03899038461538457 0.07315517241379312
3 0.573701923076923 0.3769310344827586 0.038999999999999944 0.07229310344827587
15 0.2697980769230769 0.7958103448275862 0.03858653846153846 0.06670689655172403
7 0.1973076923076923 0.28929310344827586 0.04034615384615382 0.07234482758620686
9 0.25153846153846154 0.2818793103448276 0.040423076923076916 0.07017241379310343
13 0.35764423076923074 0.6171724137931034 0.03758653846153849 0.06989655172413786