1 0.11765384615384615 0.8366724137931034 0.03992307692307693 0.06525862068965517
7 0.05522115384615384 0.5557068965517241 0.04158653846153846 0.07591379310344827
4 0.2485 0.11656896551724139 0.03822115384615385 0.0728448275862069
10 0.2548365384615384 0.37356896551724134 0.04019230769230769 0.07481034482758621
12 0.39392307692307693 0.13639655172413792 0.03766346153846154 0.07367241379310344
0 0.19756730769230768 0.198 0.04047115384615385 0.07162068965517242
5 0.6129615384615384 0.9024137931034483 0.03807692307692308 0.06512068965517243
8 0.6890865384615384 0.8017758620689655 0.039115384615384614 0.06160344827586206
9 0.10264423076923077 0.4376551724137931 0.043153846153846154 0.07208620689655172
2 0.3117596153846154 0.10805172413793104 0.04020192307692308 0.06863793103448276
3 0.7489134615384615 0.8364655172413793 0.038490384615384614 0.07270689655172415
14 0.6593269230769231 0.8416896551724138 0.03433653846153846 0.0638448275862069
13 0.9177884615384615 0.19970689655172413 0.03942307692307692 0.06608620689655172
11 0.40545192307692307 0.22413793103448276 0.03685576923076923 0.06608620689655172
15 0.20833653846153846 0.8872068965517242 0.038461538461538464 0.061775862068965515
6 0.7892596153846154 0.7844827586206896 0.03685576923076923 0.0718448275862069