15 0.5592019230769232 0.3853448275862069 0.03814423076923084 0.0663275862068966
12 0.9458269230769231 0.3484655172413793 0.04085576923076924 0.07275862068965515
10 0.3782884615384616 0.4548965517241379 0.03820192307692309 0.07006896551724136
6 0.8287211538461539 0.3624827586206897 0.04163461538461534 0.0783448275862069
0 0.755451923076923 0.3849310344827586 0.03812500000000009 0.06413793103448275
7 0.9068653846153846 0.28850000000000003 0.04006730769230776 0.07224137931034479
11 0.34025 0.5906379310344827 0.039086538461538436 0.06712068965517233
1 0.12151923076923077 0.3953448275862069 0.04188461538461539 0.07225862068965512
3 0.8882596153846154 0.4772241379310345 0.0394326923076923 0.07113793103448274
5 0.4058173076923077 0.8598103448275862 0.03651923076923079 0.06494827586206889
8 0.7581538461538462 0.3067068965517241 0.040134615384615394 0.07250000000000002
2 0.7846346153846153 0.4440862068965517 0.04032692307692313 0.0772068965517241
4 0.682923076923077 0.26339655172413795 0.03890384615384619 0.07372413793103447
14 0.8918269230769231 0.9152241379310345 0.03204807692307685 0.06322413793103461
13 0.6474326923076923 0.8110689655172414 0.03525961538461545 0.06177586206896559
9 0.09214423076923077 0.20689655172413793 0.04006730769230768 0.0660862068965517