12 0.20074038461538463 0.5320862068965517 0.04025961538461538 0.0726551724137931
15 0.06247115384615384 0.7367931034482759 0.04277884615384615 0.06663793103448276
2 0.20835576923076923 0.3016034482758621 0.044153846153846155 0.08036206896551724
7 0.2368076923076923 0.3931724137931034 0.03967307692307692 0.07120689655172413
10 0.054115384615384614 0.5883103448275863 0.041874999999999996 0.06748275862068966
1 0.06609615384615385 0.5299827586206897 0.04165384615384615 0.06651724137931034
0 0.061528846153846156 0.34077586206896554 0.04283653846153846 0.06815517241379311
14 0.05886538461538461 0.4360172413793103 0.04278846153846154 0.06913793103448276
4 0.08905769230769231 0.6532241379310345 0.03915384615384615 0.07008620689655172
9 0.0648653846153846 0.22758620689655173 0.044451923076923076 0.07106896551724137
13 0.7275673076923077 0.8038793103448276 0.040067307692307694 0.06753448275862069
8 0.6470384615384615 0.820396551724138 0.03285576923076923 0.06322413793103449
5 0.611375 0.9137931034482759 0.03685576923076923 0.06896551724137931
3 0.6814903846153846 0.8448275862068966 0.036057692307692304 0.06608620689655172
6 0.6630576923076923 0.9173793103448277 0.03285576923076923 0.06465517241379311
11 0.06346153846153846 0.8054655172413794 0.04038461538461539 0.04482758620689655