15 0.6893557692307691 0.15522413793103448 0.040269230769230877 0.07198275862068966
10 0.3597692307692308 0.11017241379310344 0.036250000000000046 0.06629310344827587
13 0.8801923076923077 0.3782758620689655 0.040173076923076895 0.07505172413793108
7 0.7245576923076923 0.19820689655172416 0.0386153846153847 0.0768448275862069
14 0.7547692307692309 0.49541379310344824 0.03533653846153846 0.0595689655172413
8 0.6769134615384615 0.7360862068965517 0.038038461538461486 0.06194827586206888
0 0.6505096153846154 0.9183965517241378 0.036769230769230776 0.0668103448275862
12 0.8115961538461538 0.7257068965517242 0.03939423076923079 0.06939655172413793
1 0.06192307692307693 0.6538275862068966 0.042269230769230774 0.06732758620689647
5 0.30085576923076923 0.12401724137931036 0.040778846153846124 0.07508620689655174
11 0.2722692307692308 0.1913103448275862 0.039615384615384656 0.06710344827586205
4 0.6825865384615385 0.2639655172413793 0.03834615384615395 0.07299999999999995
9 0.08693269230769231 0.583793103448276 0.04324999999999999 0.06648275862068956
3 0.7576153846153846 0.8699655172413793 0.034451923076923005 0.06753448275862062
6 0.7135384615384616 0.8541724137931035 0.036057692307692304 0.06753448275862062
2 0.7019230769230769 0.915948275862069 0.036855769230769164 0.0703965517241379