12 0.4 0.2315862068965517 0.038461538461538464 0.07310344827586206
8 0.38475 0.11487931034482758 0.038509615384615344 0.06705172413793102
6 0.25009615384615386 0.10803448275862068 0.03948076923076921 0.07486206896551725
0 0.22030769230769232 0.19710344827586207 0.040942307692307674 0.07155172413793104
11 0.6897596153846154 0.1866896551724138 0.03944230769230767 0.0668103448275862
13 0.3441923076923077 0.22941379310344828 0.03778846153846149 0.07046551724137932
2 0.28638461538461535 0.11074137931034483 0.03823076923076922 0.06691379310344828
1 0.7792115384615385 0.3681896551724138 0.038999999999999944 0.06667241379310347
14 0.3128173076923077 0.17596551724137932 0.03713461538461539 0.06741379310344826
9 0.7583365384615384 0.3055 0.0390576923076922 0.06775862068965519
4 0.7244519230769231 0.11065517241379312 0.040913461538461496 0.07251724137931034
7 0.7992211538461539 0.2131551724137931 0.04035576923076926 0.0728965517241379
3 0.33135576923076926 0.11260344827586208 0.03639423076923079 0.06691379310344828
10 0.3317019230769231 0.9112413793103448 0.037932692307692355 0.06572413793103439
15 0.7594903846153847 0.1653103448275862 0.03983653846153852 0.07106896551724137
5 0.4523076923076923 0.6763965517241379 0.03774999999999999 0.06672413793103456