1 0.38264423076923076 0.8367241379310345 0.04014423076923077 0.06875862068965517
0 0.46033653846153844 0.7270172413793103 0.03766346153846154 0.06896551724137931
10 0.4995961538461539 0.584051724137931 0.034451923076923074 0.061775862068965515
8 0.5212307692307693 0.7004310344827587 0.03285576923076923 0.0531551724137931
3 0.5977596153846153 0.8146551724137931 0.03685576923076923 0.0718448275862069
14 0.6049711538461539 0.8800344827586207 0.03525961538461539 0.05891379310344828
4 0.546076923076923 0.7456896551724138 0.03766346153846154 0.06608620689655172
12 0.4875769230769231 0.677448275862069 0.036057692307692304 0.06753448275862069
7 0.41386538461538463 0.8074655172413793 0.036057692307692304 0.06608620689655172
13 0.37259615384615385 0.9166724137931034 0.03525961538461539 0.06322413793103449
2 0.4098557692307692 0.8872068965517242 0.039259615384615386 0.06753448275862069
15 0.44030769230769234 0.8577586206896551 0.036057692307692304 0.06608620689655172
11 0.4727596153846154 0.8232758620689655 0.03525961538461539 0.06322413793103449
5 0.5080096153846154 0.7658103448275863 0.03365384615384615 0.06322413793103449
9 0.5352596153846153 0.8268620689655172 0.03365384615384615 0.05891379310344828
6 0.5629038461538461 0.9123620689655172 0.03125 0.0603448275862069