12 0.29247115384615385 0.3576896551724138 0.036115384615384674 0.07451724137931029
10 0.2588365384615385 0.2868103448275862 0.03954807692307692 0.07306896551724137
11 0.3155576923076923 0.31089655172413794 0.03642307692307692 0.062172413793103454
6 0.6742692307692307 0.35629310344827586 0.039711538461538416 0.07465517241379312
7 0.7110192307692308 0.4706724137931035 0.036182692307692416 0.0612413793103448
15 0.37654807692307696 0.4038965517241379 0.03858653846153846 0.06660344827586206
0 0.6707692307692308 0.4406206896551724 0.036721153846153896 0.06896551724137931
8 0.3864326923076923 0.2500172413793103 0.03897115384615382 0.06837931034482755
4 0.3922596153846154 0.33927586206896554 0.03758653846153849 0.0669827586206897
9 0.3530961538461539 0.3166896551724138 0.03823076923076922 0.06765517241379312
5 0.33475 0.2533103448275862 0.0400480769230769 0.07013793103448276
1 0.32981730769230766 0.3731206896551724 0.03591346153846156 0.06282758620689655
13 0.3132115384615385 0.43206896551724144 0.0392692307692308 0.06922413793103449
2 0.7175673076923077 0.406051724137931 0.03728846153846151 0.06244827586206901
14 0.747 0.366 0.034990384615384715 0.06005172413793101
3 0.7099326923076923 0.345551724137931 0.03365384615384615 0.0703965517241379