1 0.38264423076923076 0.8367241379310345 0.04014423076923077 0.06875862068965516
0 0.46033653846153844 0.7270172413793103 0.0376634615384615 0.06896551724137931
10 0.4995961538461539 0.584051724137931 0.03445192307692306 0.06177586206896559
8 0.5212307692307693 0.7004310344827587 0.0328557692307693 0.053155172413793174
3 0.5977596153846153 0.8146551724137931 0.036855769230769164 0.07184482758620682
14 0.6049711538461539 0.8800344827586207 0.03525961538461545 0.05891379310344821
4 0.546076923076923 0.7456896551724138 0.03766346153846161 0.0660862068965518
12 0.487576923076923 0.677448275862069 0.036057692307692256 0.06753448275862062
7 0.41386538461538463 0.8074655172413793 0.036057692307692304 0.0660862068965518
13 0.37259615384615385 0.9166724137931034 0.03525961538461535 0.06322413793103461
2 0.4098557692307692 0.8872068965517242 0.03925961538461542 0.06753448275862071
15 0.44030769230769234 0.8577586206896551 0.036057692307692304 0.0660862068965517
11 0.4727596153846154 0.8232758620689655 0.03525961538461535 0.06322413793103442
5 0.5080096153846154 0.7658103448275863 0.03365384615384615 0.06322413793103442
9 0.5352596153846153 0.8268620689655172 0.03365384615384615 0.05891379310344821
6 0.5629038461538461 0.9123620689655172 0.03125 0.0603448275862069