12 0.4 0.2315862068965517 0.038461538461538464 0.07310344827586207
8 0.38475 0.11487931034482758 0.038509615384615385 0.06705172413793103
6 0.25009615384615386 0.10803448275862068 0.039480769230769236 0.07486206896551724
0 0.22030769230769232 0.19710344827586207 0.04094230769230769 0.07155172413793104
11 0.6897596153846154 0.1866896551724138 0.03944230769230769 0.0668103448275862
13 0.3441923076923077 0.22941379310344828 0.037788461538461535 0.07046551724137931
2 0.28638461538461535 0.11074137931034483 0.03823076923076923 0.06691379310344828
1 0.7792115384615385 0.3681896551724138 0.039 0.06667241379310346
14 0.3128173076923077 0.17596551724137932 0.037134615384615384 0.06741379310344828
9 0.7583365384615384 0.3055 0.03905769230769231 0.06775862068965517
4 0.7244519230769231 0.11065517241379312 0.04091346153846154 0.07251724137931034
7 0.7992211538461539 0.2131551724137931 0.04035576923076923 0.07289655172413793
3 0.33135576923076926 0.11260344827586208 0.03639423076923077 0.06691379310344828
10 0.3317019230769231 0.9112413793103448 0.03793269230769231 0.06572413793103447
15 0.7594903846153847 0.1653103448275862 0.03983653846153846 0.07106896551724137
5 0.4523076923076923 0.6763965517241379 0.03775 0.06672413793103449