12 0.6406346153846154 0.32005172413793104 0.03826923076923072 0.07274137931034483
6 0.6098653846153846 0.7344137931034482 0.037355769230769144 0.07036206896551735
1 0.5432692307692307 0.43431034482758624 0.036413461538461436 0.06606896551724137
0 0.40047115384615384 0.417948275862069 0.03818269230769234 0.06813793103448278
15 0.5620865384615386 0.7545344827586207 0.037999999999999985 0.06815517241379306
9 0.28815384615384615 0.3348275862068965 0.04162499999999997 0.07729310344827584
7 0.4445480769230769 0.5407758620689654 0.03653846153846154 0.06334482758620691
11 0.914298076923077 0.5082068965517241 0.04054807692307699 0.06643103448275857
14 0.4402596153846154 0.4066034482758621 0.03489423076923073 0.067948275862069
13 0.5278269230769231 0.6854655172413793 0.03527884615384621 0.0672241379310345
3 0.49578846153846157 0.6475862068965518 0.038423076923076956 0.06899999999999996
4 0.5891057692307692 0.4151379310344827 0.03821153846153847 0.07151724137931033
10 0.38221153846153844 0.35303448275862065 0.036250000000000046 0.06986206896551721
2 0.5967307692307693 0.3382586206896552 0.03798076923076923 0.07070689655172412
8 0.5028076923076923 0.580344827586207 0.03689423076923072 0.061689655172413746
5 0.4640096153846154 0.6005862068965517 0.03872115384615383 0.06308620689655178