12 0.6406346153846154 0.32005172413793104 0.038269230769230764 0.07274137931034483
6 0.6098653846153846 0.7344137931034482 0.037355769230769234 0.07036206896551725
1 0.5432692307692307 0.43431034482758624 0.03641346153846153 0.06606896551724138
0 0.40047115384615384 0.41794827586206895 0.038182692307692306 0.06813793103448276
15 0.5620865384615386 0.7545344827586207 0.038000000000000006 0.06815517241379311
9 0.28815384615384615 0.3348275862068965 0.041625 0.07729310344827586
7 0.4445480769230769 0.5407758620689654 0.03653846153846154 0.0633448275862069
11 0.914298076923077 0.5082068965517241 0.04054807692307692 0.06643103448275862
14 0.4402596153846154 0.4066034482758621 0.03489423076923077 0.06794827586206896
13 0.5278269230769231 0.6854655172413793 0.035278846153846154 0.06722413793103449
3 0.49578846153846157 0.6475862068965518 0.03842307692307692 0.069
4 0.5891057692307692 0.41513793103448277 0.03821153846153846 0.07151724137931034
10 0.38221153846153844 0.35303448275862065 0.036250000000000004 0.06986206896551725
2 0.5967307692307693 0.3382586206896552 0.03798076923076923 0.07070689655172413
8 0.5028076923076923 0.580344827586207 0.03689423076923077 0.061689655172413795
5 0.4640096153846154 0.6005862068965517 0.03872115384615385 0.06308620689655173