15 0.5592019230769232 0.3853448275862069 0.03814423076923077 0.06632758620689655
12 0.9458269230769231 0.3484655172413793 0.04085576923076923 0.07275862068965518
10 0.3782884615384616 0.4548965517241379 0.03820192307692307 0.07006896551724139
6 0.8287211538461539 0.3624827586206897 0.04163461538461538 0.0783448275862069
0 0.755451923076923 0.3849310344827586 0.038125 0.06413793103448276
7 0.9068653846153846 0.28850000000000003 0.040067307692307694 0.07224137931034483
11 0.34025 0.5906379310344827 0.03908653846153846 0.06712068965517241
1 0.12151923076923077 0.3953448275862069 0.04188461538461539 0.07225862068965516
3 0.8882596153846154 0.4772241379310345 0.03943269230769231 0.07113793103448275
5 0.4058173076923077 0.8598103448275862 0.03651923076923077 0.06494827586206897
8 0.7581538461538462 0.3067068965517241 0.04013461538461539 0.0725
2 0.7846346153846153 0.4440862068965517 0.04032692307692307 0.07720689655172414
4 0.682923076923077 0.26339655172413795 0.03890384615384616 0.07372413793103448
14 0.8918269230769231 0.9152241379310345 0.03204807692307692 0.06322413793103449
13 0.6474326923076923 0.8110689655172414 0.03525961538461539 0.061775862068965515
9 0.09214423076923077 0.20689655172413793 0.040067307692307694 0.06608620689655172