15 0.6893557692307691 0.15522413793103448 0.04026923076923077 0.07198275862068966
10 0.3597692307692308 0.11017241379310344 0.036250000000000004 0.06629310344827587
13 0.8801923076923077 0.3782758620689655 0.04017307692307692 0.07505172413793104
7 0.7245576923076923 0.19820689655172413 0.038615384615384614 0.07684482758620689
14 0.7547692307692309 0.49541379310344824 0.03533653846153846 0.059568965517241376
8 0.6769134615384615 0.7360862068965517 0.03803846153846154 0.06194827586206896
0 0.6505096153846154 0.9183965517241378 0.03676923076923077 0.0668103448275862
12 0.8115961538461538 0.7257068965517242 0.039394230769230765 0.06939655172413793
1 0.06192307692307693 0.6538275862068966 0.04226923076923077 0.06732758620689655
5 0.30085576923076923 0.12401724137931036 0.04077884615384615 0.07508620689655172
11 0.2722692307692308 0.1913103448275862 0.039615384615384615 0.06710344827586207
4 0.6825865384615385 0.2639655172413793 0.03834615384615385 0.07300000000000001
9 0.08693269230769231 0.583793103448276 0.04325 0.06648275862068966
3 0.7576153846153846 0.8699655172413793 0.034451923076923074 0.06753448275862069
6 0.7135384615384616 0.8541724137931035 0.036057692307692304 0.06753448275862069
2 0.7019230769230769 0.915948275862069 0.03685576923076923 0.07039655172413793