12 0.29247115384615385 0.3576896551724138 0.03611538461538462 0.07451724137931034
10 0.2588365384615385 0.2868103448275862 0.03954807692307693 0.07306896551724139
11 0.3155576923076923 0.31089655172413794 0.036423076923076926 0.062172413793103454
6 0.6742692307692307 0.35629310344827586 0.03971153846153846 0.0746551724137931
7 0.7110192307692308 0.4706724137931035 0.03618269230769231 0.06124137931034483
15 0.37654807692307696 0.4038965517241379 0.038586538461538464 0.06660344827586208
0 0.6707692307692308 0.4406206896551724 0.03672115384615384 0.06896551724137931
8 0.3864326923076923 0.2500172413793103 0.03897115384615385 0.06837931034482758
4 0.3922596153846154 0.33927586206896554 0.03758653846153846 0.06698275862068966
9 0.3530961538461539 0.3166896551724138 0.03823076923076923 0.06765517241379311
5 0.33475 0.2533103448275862 0.04004807692307692 0.07013793103448276
1 0.32981730769230766 0.3731206896551724 0.03591346153846154 0.06282758620689655
13 0.3132115384615385 0.4320689655172414 0.03926923076923077 0.06922413793103448
2 0.7175673076923077 0.406051724137931 0.03728846153846154 0.06244827586206896
14 0.747 0.366 0.03499038461538462 0.06005172413793103
3 0.7099326923076923 0.345551724137931 0.03365384615384615 0.07039655172413793