12 0.5914134615384616 0.1911206896551724 0.040124999999999994 0.07546551724137932
6 0.7758461538461539 0.475 0.038730769230769235 0.06867241379310345
11 0.6719134615384615 0.18448275862068966 0.03989423076923077 0.06751724137931034
13 0.20691346153846155 0.29843103448275865 0.04147115384615385 0.07618965517241379
2 0.6047403846153846 0.32156896551724135 0.041451923076923074 0.07975862068965517
4 0.7200192307692308 0.4666206896551724 0.03742307692307693 0.06515517241379311
9 0.746 0.5552241379310344 0.03802884615384615 0.06806896551724137
10 0.697673076923077 0.10743103448275862 0.03761538461538461 0.06531034482758621
0 0.533701923076923 0.32832758620689656 0.03842307692307692 0.07274137931034483
5 0.7024134615384615 0.5835862068965517 0.03865384615384616 0.0695
1 0.2505 0.10941379310344827 0.041144230769230766 0.06832758620689655
14 0.8140961538461539 0.10806896551724138 0.036057692307692304 0.06570689655172414
8 0.6855865384615385 0.4997068965517241 0.03905769230769231 0.06936206896551723
3 0.7586538461538461 0.10941379310344827 0.03728846153846154 0.06722413793103449
7 0.28176923076923077 0.16239655172413792 0.037759615384615385 0.07012068965517242
15 0.32041346153846156 0.13606896551724137 0.03933653846153846 0.07232758620689655