5 0.463875 0.6965862068965517 0.038009615384615385 0.06827586206896552
1 0.5605576923076924 0.8639827586206896 0.03785576923076923 0.06682758620689655
4 0.5058942307692308 0.8021551724137931 0.03516346153846154 0.06475862068965518
8 0.4719519230769231 0.8130689655172414 0.03647115384615385 0.0658793103448276
14 0.5107211538461538 0.6863103448275862 0.03399038461538462 0.06317241379310345
10 0.5262884615384615 0.7434655172413793 0.03771153846153846 0.06753448275862069
3 0.5725192307692307 0.7615000000000001 0.03766346153846154 0.06608620689655172
2 0.5953557692307692 0.8354827586206897 0.03685576923076923 0.06465517241379311
7 0.6290096153846153 0.8685344827586207 0.03525961538461539 0.06465517241379311
15 0.6486346153846154 0.9202586206896551 0.036057692307692304 0.06465517241379311
13 0.5889423076923077 0.9030172413793104 0.03685576923076923 0.06465517241379311
6 0.4110576923076923 0.709051724137931 0.03685576923076923 0.07039655172413793
12 0.42949038461538463 0.8067586206896552 0.03685576923076923 0.06465517241379311
9 0.4338942307692308 0.910206896551724 0.036057692307692304 0.06753448275862069
11 0.3701923076923077 0.8383620689655172 0.038461538461538464 0.061775862068965515
0 0.3701923076923077 0.7535862068965516 0.040067307692307694 0.07039655172413793