11 0.7547884615384616 0.3421724137931035 0.040817307692307694 0.06636206896551725
12 0.7591538461538462 0.7345172413793103 0.03817307692307693 0.06963793103448276
6 0.732798076923077 0.5178103448275861 0.04003846153846154 0.07736206896551724
15 0.38377884615384616 0.6322241379310345 0.03825 0.06772413793103449
2 0.6175480769230769 0.39513793103448275 0.04077884615384615 0.07608620689655173
0 0.6874423076923077 0.5286724137931035 0.038509615384615385 0.07060344827586207
10 0.8484711538461538 0.47029310344827585 0.039875 0.07146551724137931
8 0.06227884615384615 0.4632758620689655 0.04246153846153846 0.0703103448275862
7 0.4191346153846154 0.3101551724137931 0.03786538461538462 0.07062068965517242
5 0.7027596153846154 0.43496551724137933 0.04008653846153846 0.0668103448275862
4 0.8106249999999999 0.7788103448275862 0.03931730769230769 0.07165517241379311
3 0.3245384615384615 0.6511896551724138 0.03804807692307692 0.06920689655172414
14 0.14932692307692308 0.5590689655172414 0.035403846153846154 0.06255172413793103
13 0.5130384615384614 0.5987931034482759 0.03991346153846154 0.07182758620689654
1 0.8096153846153846 0.2221896551724138 0.04073076923076923 0.07075862068965517
9 0.11246153846153846 0.5741551724137931 0.040346153846153844 0.06910344827586207