10 0.75 0.7680344827586206 0.03722115384615385 0.06803448275862069
0 0.7125865384615385 0.7902758620689655 0.03639423076923077 0.06387931034482758
11 0.7729423076923077 0.6828448275862069 0.03906730769230769 0.06263793103448276
1 0.6957500000000001 0.7235172413793103 0.037634615384615384 0.06772413793103449
5 0.6712307692307693 0.7856551724137931 0.039259615384615386 0.06479310344827587
2 0.6674903846153847 0.6758793103448276 0.04010576923076923 0.06955172413793104
8 0.6244615384615385 0.6848620689655173 0.03865384615384616 0.06182758620689655
3 0.5714038461538461 0.7915517241379311 0.038634615384615385 0.07094827586206896
9 0.55625 0.7046896551724139 0.03798076923076923 0.06579310344827585
13 0.6170384615384615 0.7791896551724138 0.03611538461538462 0.06667241379310346
6 0.6897211538461538 0.837896551724138 0.03726923076923077 0.06544827586206897
15 0.6157980769230769 0.8622068965517241 0.03681730769230769 0.06736206896551725
14 0.5921442307692308 0.7068965517241379 0.030451923076923078 0.06322413793103449
7 0.6486346153846154 0.7341896551724137 0.034451923076923074 0.0603448275862069
12 0.6402211538461539 0.9137931034482759 0.03685576923076923 0.07470689655172413
4 0.7203557692307692 0.8865 0.038461538461538464 0.0718448275862069