15 0.686625 0.7325344827586207 0.03893269230769231 0.06732758620689655
10 0.5087692307692308 0.6858103448275862 0.03624038461538461 0.07053448275862069
2 0.7283557692307693 0.4178793103448276 0.040211538461538465 0.07494827586206897
1 0.5015480769230769 0.32268965517241377 0.038480769230769235 0.06768965517241379
13 0.7988365384615385 0.6218965517241379 0.04089423076923077 0.07517241379310345
14 0.5388653846153846 0.5322931034482759 0.037355769230769234 0.07156896551724137
8 0.24286538461538462 0.672551724137931 0.03944230769230769 0.06451724137931035
3 0.6763653846153845 0.49596551724137933 0.039211538461538464 0.07346551724137931
6 0.23410576923076923 0.14544827586206896 0.04041346153846154 0.0771896551724138
7 0.7785 0.5465344827586207 0.037759615384615385 0.06758620689655173
5 0.2709519230769231 0.12312068965517241 0.040163461538461544 0.07387931034482759
11 0.2601730769230769 0.31241379310344825 0.039394230769230765 0.06863793103448276
4 0.32943269230769234 0.7166724137931034 0.03841346153846154 0.06931034482758622
12 0.2871730769230769 0.2611551724137931 0.0400576923076923 0.07444827586206897
0 0.1850480769230769 0.16139655172413794 0.04056730769230769 0.07177586206896552
9 0.20741346153846155 0.6894655172413793 0.036682692307692305 0.0688448275862069