10 0.9465769230769231 0.5227068965517242 0.04113461538461539 0.07003448275862069
9 0.6347019230769231 0.10825862068965517 0.03959615384615384 0.07075862068965517
8 0.5712884615384616 0.10806896551724138 0.038740384615384614 0.06936206896551723
7 0.9323557692307692 0.4419310344827586 0.039663461538461536 0.07151724137931034
2 0.9386153846153846 0.35872413793103447 0.043576923076923076 0.08077586206896552
14 0.7812307692307693 0.11532758620689655 0.03510576923076923 0.06982758620689655
3 0.8209615384615384 0.1090344827586207 0.04002884615384616 0.07008620689655172
5 0.25016346153846153 0.10810344827586207 0.03989423076923077 0.06977586206896552
1 0.36875 0.8387068965517241 0.03813461538461538 0.0653793103448276
15 0.9082307692307692 0.7812758620689655 0.039759615384615386 0.06518965517241379
13 0.9472019230769231 0.5903793103448276 0.042567307692307696 0.06851724137931035
0 0.169125 0.11662068965517242 0.038625 0.07286206896551724
4 0.7038269230769231 0.11156896551724137 0.03799038461538461 0.06846551724137931
12 0.054740384615384614 0.5705517241379311 0.03917307692307692 0.06687931034482758
6 0.2107403846153846 0.10848275862068966 0.03685576923076923 0.06465517241379311
11 0.06170192307692308 0.6487068965517241 0.04326923076923077 0.06465517241379311