4 0.7595769230769231 0.7206896551724138 0.04183653846153846 0.0688793103448276
8 0.7291826923076923 0.7500689655172414 0.036903846153846155 0.06472413793103449
0 0.5897211538461538 0.7315172413793103 0.038865384615384614 0.07013793103448276
1 0.644423076923077 0.6547241379310345 0.03703846153846154 0.0688793103448276
13 0.7146250000000001 0.6773275862068966 0.03756730769230769 0.06775862068965517
9 0.6943557692307692 0.6137586206896553 0.036759615384615384 0.06260344827586208
10 0.658 0.7437068965517242 0.03770192307692308 0.06508620689655173
15 0.610173076923077 0.6307413793103448 0.036057692307692304 0.06896551724137931
3 0.6798846153846154 0.6738448275862069 0.03766346153846154 0.0718448275862069
14 0.6931057692307693 0.7341896551724137 0.03365384615384615 0.06322413793103449
2 0.7103365384615384 0.8132241379310345 0.036057692307692304 0.06896551724137931
11 0.6806923076923077 0.8606379310344828 0.036057692307692304 0.0603448275862069
7 0.65625 0.8139310344827586 0.03685576923076923 0.06465517241379311
12 0.6069711538461539 0.8354827586206897 0.03766346153846154 0.06465517241379311
6 0.625798076923077 0.7801724137931034 0.03685576923076923 0.0603448275862069
5 0.6266057692307692 0.7169482758620689 0.03525961538461539 0.06322413793103449