10 0.9465769230769231 0.5227068965517242 0.04113461538461536 0.0700344827586207
9 0.6347019230769231 0.10825862068965517 0.039596153846153906 0.07075862068965519
8 0.5712884615384616 0.10806896551724138 0.03874038461538458 0.06936206896551725
7 0.9323557692307692 0.4419310344827586 0.039663461538461536 0.07151724137931037
2 0.9386153846153846 0.35872413793103447 0.04357692307692301 0.08077586206896556
14 0.7812307692307693 0.11532758620689655 0.035105769230769225 0.06982758620689655
3 0.8209615384615384 0.1090344827586207 0.04002884615384626 0.0700862068965517
5 0.25016346153846153 0.10810344827586207 0.03989423076923078 0.06977586206896552
1 0.36875 0.8387068965517241 0.03813461538461536 0.06537931034482751
15 0.9082307692307692 0.7812758620689655 0.039759615384615296 0.0651896551724137
13 0.9472019230769231 0.5903793103448276 0.042567307692307675 0.06851724137931037
0 0.169125 0.11662068965517242 0.038625000000000013 0.07286206896551722
4 0.7038269230769231 0.11156896551724137 0.037990384615384606 0.06846551724137932
12 0.054740384615384614 0.5705517241379311 0.03917307692307692 0.06687931034482753
6 0.2107403846153846 0.10848275862068966 0.03685576923076921 0.06465517241379311
11 0.06170192307692308 0.6487068965517241 0.04326923076923077 0.06465517241379311