12 0.28670894916240985 0.5029735696726831 0.041579877413236176 0.07283772435681574
5 0.2504705282358023 0.10864775427456559 0.04186954498291016 0.07203328362826643
10 0.8484801659217247 0.46986789045662714 0.039386925330528844 0.07123860326306573
2 0.7711983313927284 0.293725743787042 0.04256632878230168 0.07881964321794181
6 0.2110890902005709 0.20068527747844828 0.04312920203575721 0.08521975813240841
0 0.170582521878756 0.1169927925899111 0.04249031360332783 0.07645253148572198
1 0.46219212458683895 0.4473789609711746 0.03882616483248197 0.0679925326643319
8 0.5936718280498798 0.6750757677801724 0.039139909010667065 0.06796369881465517
13 0.9241311293381911 0.581622630152209 0.04107208251953125 0.07013975998450969
11 0.37811343853290263 0.5306051320043104 0.039021858802208535 0.06517155088227371
14 0.7414039611816406 0.7518210049333244 0.034424884502704325 0.060169825060614225
7 0.587374760554387 0.36362696680529366 0.03816792414738582 0.07390468202788254
15 0.9083993178147536 0.7818875016837284 0.03984961876502404 0.06502911797885237
4 0.6997269263634315 0.7491875484071929 0.0342803955078125 0.06385413860452586
9 0.6622772216796875 0.7305578823747306 0.03753527127779447 0.06407917943494074
3 0.7942540095402644 0.9115802633351293 0.038900580772986776 0.06734503384294181