10 0.7722019230769231 0.6687758620689654 0.037875 0.06718965517241379
13 0.7121826923076923 0.5676206896551724 0.037807692307692306 0.06799999999999999
1 0.6253076923076923 0.6134310344827587 0.036875 0.06763793103448275
0 0.5419038461538462 0.7752586206896551 0.03989423076923077 0.06951724137931034
14 0.6762307692307692 0.614551724137931 0.03625961538461538 0.07339655172413793
9 0.7501730769230769 0.5655 0.038538461538461535 0.06410344827586206
5 0.5652307692307693 0.6921724137931035 0.03764423076923077 0.06637931034482758
4 0.7695865384615385 0.8417758620689656 0.037778846153846156 0.06662068965517241
11 0.7135384615384616 0.9137931034482759 0.03766346153846154 0.06608620689655172
8 0.7652211538461539 0.915948275862069 0.03525961538461539 0.05603448275862069
2 0.6778846153846154 0.8943965517241379 0.03685576923076923 0.06753448275862069
6 0.5797307692307692 0.8103448275862069 0.034451923076923074 0.06322413793103449
7 0.6145865384615384 0.8685344827586207 0.03685576923076923 0.06465517241379311
12 0.5689134615384615 0.8721206896551724 0.03525961538461539 0.06608620689655172
15 0.5252403846153846 0.5811724137931035 0.03766346153846154 0.06465517241379311
3 0.6546442307692308 0.5711206896551724 0.03525961538461539 0.06465517241379311