15 0.4464711538461538 0.3304655172413793 0.0375 0.06896551724137931
1 0.2841346153846154 0.5844827586206897 0.03942307692307692 0.06724137931034482
6 0.6586538461538461 0.6186724137931034 0.035576923076923075 0.07241379310344828
11 0.37564423076923076 0.5140862068965517 0.038461538461538464 0.06551724137931035
5 0.1918269230769231 0.5856379310344828 0.03942307692307692 0.06896551724137931
12 0.2094519230769231 0.8091896551724138 0.03942307692307692 0.06724137931034482
13 0.9006442307692307 0.21236206896551724 0.041346153846153845 0.07586206896551724
0 0.4251634615384616 0.43275862068965515 0.0375 0.06551724137931035
10 0.6942307692307692 0.5994310344827587 0.03461538461538462 0.06551724137931035
3 0.41906730769230766 0.5238448275862069 0.03653846153846154 0.06896551724137931
7 0.41602884615384617 0.8313275862068966 0.03653846153846154 0.06206896551724138
14 0.6684326923076923 0.5160862068965517 0.03461538461538462 0.06206896551724138
8 0.28718269230769233 0.8189655172413793 0.03942307692307692 0.06724137931034482
9 0.5589711538461539 0.5635 0.0375 0.06896551724137931
4 0.5770865384615385 0.7428103448275862 0.03653846153846154 0.07241379310344828
2 0.7067307692307693 0.5244310344827586 0.03685576923076923 0.0603448275862069