15 0.48259615384615384 0.3820172413793103 0.03784615384615385 0.06637931034482758
11 0.5160192307692307 0.46799999999999997 0.03833653846153846 0.058362068965517246
13 0.5865 0.5311379310344828 0.03697115384615385 0.07187931034482758
1 0.5262692307692308 0.5312241379310345 0.03634615384615384 0.062206896551724136
2 0.5068076923076923 0.6591724137931034 0.03804807692307692 0.07656896551724138
5 0.5176826923076923 0.3990689655172414 0.036375 0.06344827586206896
6 0.5015384615384616 0.5776379310344827 0.040586538461538466 0.06586206896551725
9 0.5829038461538462 0.449448275862069 0.03927884615384616 0.06846551724137931
10 0.5659519230769231 0.6263793103448276 0.03538461538461538 0.06410344827586206
7 0.4923173076923077 0.5137758620689655 0.03579807692307692 0.06027586206896552
12 0.4814615384615385 0.4485 0.03627884615384615 0.06101724137931035
8 0.5292403846153846 0.6101551724137931 0.03651923076923077 0.06575862068965517
14 0.571375 0.38520689655172413 0.032442307692307694 0.054293103448275856
0 0.54675 0.43498275862068964 0.03586538461538461 0.06808620689655173
3 0.5574038461538462 0.49965517241379315 0.03884615384615384 0.06572413793103447
4 0.5548846153846154 0.5675344827586207 0.03285576923076923 0.057465517241379306