1 0.577125 0.5232413793103449 0.03825 0.06843103448275861
11 0.46221153846153845 0.6414310344827586 0.038182692307692306 0.06474137931034482
10 0.8821538461538462 0.40636206896551724 0.03841346153846154 0.07055172413793104
3 0.566048076923077 0.4508793103448276 0.03903846153846154 0.07101724137931034
13 0.804548076923077 0.24382758620689654 0.03968269230769231 0.07760344827586206
14 0.7272596153846154 0.3362586206896552 0.03501923076923077 0.06110344827586207
2 0.2858173076923077 0.9131551724137931 0.041326923076923074 0.06867241379310345
8 0.7513173076923076 0.638603448275862 0.03766346153846154 0.06270689655172414
9 0.792701923076923 0.11036206896551726 0.041221153846153845 0.07106896551724137
4 0.9294423076923077 0.6700344827586207 0.038538461538461535 0.06643103448275862
7 0.40324038461538464 0.7726379310344828 0.03868269230769231 0.06925862068965517
0 0.2280096153846154 0.33463793103448275 0.03934615384615385 0.06855172413793104
5 0.25721153846153844 0.29094827586206895 0.03685576923076923 0.06753448275862069
15 0.14983653846153847 0.1365 0.040067307692307694 0.06608620689655172
12 0.22396153846153846 0.40086206896551724 0.036057692307692304 0.06608620689655172
6 0.07403846153846154 0.7987068965517241 0.038461538461538464 0.059482758620689656