10 0.75 0.7680344827586206 0.03722115384615388 0.06803448275862076
0 0.7125865384615385 0.7902758620689655 0.03639423076923068 0.06387931034482751
11 0.7729423076923077 0.6828448275862069 0.0390673076923078 0.06263793103448283
1 0.6957500000000001 0.7235172413793103 0.03763461538461548 0.06772413793103443
5 0.6712307692307693 0.7856551724137931 0.039259615384615316 0.06479310344827593
2 0.6674903846153847 0.6758793103448276 0.040105769230769264 0.06955172413793109
8 0.6244615384615385 0.6848620689655173 0.0386538461538462 0.06182758620689657
3 0.5714038461538461 0.7915517241379311 0.03863461538461545 0.07094827586206892
9 0.55625 0.7046896551724139 0.03798076923076923 0.06579310344827581
13 0.6170384615384615 0.7791896551724138 0.03611538461538456 0.06667241379310337
6 0.6897211538461538 0.837896551724138 0.03726923076923076 0.06544827586206903
15 0.6157980769230769 0.8622068965517241 0.036817307692307656 0.06736206896551733
14 0.5921442307692308 0.7068965517241379 0.030451923076923147 0.06322413793103442
7 0.6486346153846154 0.7341896551724137 0.034451923076923005 0.0603448275862069
12 0.6402211538461539 0.9137931034482759 0.036855769230769164 0.0747068965517241
4 0.7203557692307692 0.8865 0.038461538461538464 0.07184482758620693