12 0.8134615384615385 0.17413793103448275 0.038461538461538464 0.07931034482758621
6 0.2230769230769231 0.3689655172413793 0.041346153846153845 0.07758620689655173
1 0.32211538461538464 0.45 0.041346153846153845 0.06724137931034482
0 0.6461538461538462 0.8310344827586207 0.0375 0.06551724137931035
15 0.7307692307692307 0.45517241379310347 0.0375 0.06724137931034482
10 0.9125 0.39827586206896554 0.03653846153846154 0.0706896551724138
8 0.948076923076923 0.5396551724137931 0.03942307692307692 0.06551724137931035
14 0.6519230769230769 0.22758620689655173 0.03653846153846154 0.07241379310344828
3 0.21153846153846154 0.6396551724137931 0.041346153846153845 0.07413793103448275
13 0.24519230769230768 0.253448275862069 0.04230769230769231 0.07586206896551724
7 0.3778846153846154 0.23103448275862068 0.038461538461538464 0.07413793103448275
5 0.5480769230769231 0.6068965517241379 0.038461538461538464 0.0706896551724138
2 0.8038461538461539 0.31551724137931036 0.03653846153846154 0.0706896551724138
4 0.3903846153846154 0.7482758620689656 0.03653846153846154 0.06379310344827586
9 0.7711538461538462 0.6344827586206897 0.0375 0.06551724137931035
11 0.7038461538461539 0.8775862068965518 0.035576923076923075 0.06206896551724138