10 0.7086538461538462 0.17758620689655172 0.03653846153846154 0.07241379310344828
15 0.6576923076923077 0.3103448275862069 0.038461538461538464 0.06551724137931035
12 0.7125 0.10517241379310345 0.0375 0.07241379310344828
2 0.6625 0.23793103448275862 0.03653846153846154 0.06724137931034482
5 0.7730769230769231 0.32241379310344825 0.038461538461538464 0.06379310344827586
11 0.6673076923076923 0.4724137931034483 0.03653846153846154 0.06379310344827586
7 0.6269230769230769 0.19827586206896552 0.035576923076923075 0.06896551724137931
1 0.7259615384615384 0.3775862068965517 0.03653846153846154 0.06551724137931035
0 0.6605769230769231 0.38448275862068965 0.03653846153846154 0.06724137931034482
3 0.6057692307692307 0.3413793103448276 0.03653846153846154 0.06896551724137931
9 0.6730769230769231 0.15862068965517243 0.03653846153846154 0.0706896551724138
8 0.7355769230769231 0.3120689655172414 0.03461538461538462 0.06551724137931035
6 0.6942307692307692 0.4051724137931034 0.03461538461538462 0.06379310344827586
4 0.7057692307692308 0.2793103448275862 0.035576923076923075 0.06896551724137931
13 0.6067307692307692 0.2706896551724138 0.0375 0.06724137931034482
14 0.6471153846153846 0.1103448275862069 0.03653846153846154 0.06551724137931035