6 0.6884615384615385 0.20689655172413793 0.04038461538461539 0.07586206896551724
14 0.7615384615384615 0.47586206896551725 0.03653846153846154 0.06724137931034482
12 0.125 0.2206896551724138 0.04230769230769231 0.07931034482758621
1 0.42403846153846153 0.3931034482758621 0.03942307692307692 0.06896551724137931
8 0.0673076923076923 0.38620689655172413 0.04519230769230769 0.0706896551724138
3 0.6 0.30344827586206896 0.0375 0.0706896551724138
0 0.26153846153846155 0.25862068965517243 0.041346153846153845 0.07241379310344828
4 0.48846153846153845 0.6620689655172414 0.035576923076923075 0.07241379310344828
10 0.18557692307692308 0.4396551724137931 0.04038461538461539 0.07413793103448275
5 0.6903846153846154 0.7706896551724138 0.0375 0.06724137931034482
9 0.23653846153846153 0.3775862068965517 0.041346153846153845 0.0706896551724138
13 0.8990384615384616 0.45517241379310347 0.03942307692307692 0.06896551724137931
7 0.20873076923076925 0.30029310344827587 0.04247115384615386 0.0747068965517241
11 0.3561730769230769 0.9181034482758621 0.0376634615384615 0.06322413793103461
15 0.8842115384615385 0.35201724137931034 0.036057692307692304 0.06896551724137931
2 0.32372115384615385 0.780896551724138 0.04006730769230765 0.06753448275862062