5 0.8355769230769231 0.6913793103448276 0.038461538461538464 0.06379310344827586
12 0.7201923076923077 0.44482758620689655 0.03653846153846154 0.06724137931034482
2 0.6673076923076923 0.42931034482758623 0.0375 0.06724137931034482
11 0.6903846153846154 0.496551724137931 0.03653846153846154 0.06206896551724138
8 0.7326923076923076 0.5603448275862069 0.0375 0.06724137931034482
7 0.7807692307692308 0.6224137931034482 0.03461538461538462 0.06724137931034482
0 0.8605769230769231 0.4982758620689655 0.038461538461538464 0.06551724137931035
6 0.8288461538461539 0.4224137931034483 0.03653846153846154 0.06379310344827586
14 0.8326923076923077 0.5655172413793104 0.03653846153846154 0.06551724137931035
9 0.801923076923077 0.3724137931034483 0.0375 0.06379310344827586
13 0.7894230769230769 0.5258620689655172 0.03653846153846154 0.06896551724137931
4 0.7682692307692308 0.4724137931034483 0.03653846153846154 0.06724137931034482
15 0.8365384615384616 0.35 0.03942307692307692 0.06724137931034482
1 0.8163461538461538 0.4896551724137931 0.03653846153846154 0.06551724137931035
3 0.7673076923076924 0.40344827586206894 0.035576923076923075 0.06551724137931035
10 0.2625 0.2655172413793103 0.041346153846153845 0.07586206896551724