6 0.6115384615384616 0.2706896551724138 0.03942307692307692 0.07931034482758621
2 0.525 0.4017241379310345 0.0375 0.07586206896551724
13 0.5567307692307693 0.35344827586206895 0.03942307692307692 0.07241379310344828
4 0.3557692307692308 0.5620689655172414 0.0375 0.06896551724137931
0 0.6326923076923077 0.8206896551724138 0.035576923076923075 0.06724137931034482
1 0.35673076923076924 0.8568965517241379 0.03942307692307692 0.06551724137931035
12 0.4375 0.5155172413793103 0.0375 0.0706896551724138
14 0.9432692307692307 0.7637931034482759 0.0375 0.06551724137931035
5 0.9403846153846154 0.31551724137931036 0.04230769230769231 0.06896551724137931
8 0.42403846153846153 0.7931034482758621 0.03653846153846154 0.06724137931034482
10 0.6766826923076923 0.802448275862069 0.036057692307692304 0.061775862068965515
15 0.9150673076923077 0.38218965517241377 0.038461538461538464 0.07758620689655173
9 0.7908653846153846 0.9123620689655172 0.03685576923076923 0.0718448275862069
11 0.6770865384615384 0.888655172413793 0.03365384615384615 0.06753448275862069
7 0.23557692307692307 0.8067586206896552 0.040067307692307694 0.06753448275862069
3 0.17908653846153846 0.5244310344827586 0.042471153846153846 0.06608620689655172