5 0.6846153846153846 0.20517241379310344 0.0375 0.06896551724137931
12 0.5971153846153846 0.27413793103448275 0.03653846153846154 0.06724137931034482
10 0.29134615384615387 0.1724137931034483 0.03942307692307692 0.07413793103448275
1 0.6384615384615384 0.1793103448275862 0.0375 0.0706896551724138
3 0.6596153846153846 0.2775862068965517 0.0375 0.07241379310344828
9 0.2567307692307692 0.10689655172413794 0.041346153846153845 0.0706896551724138
14 0.6038461538461538 0.20862068965517241 0.03461538461538462 0.0706896551724138
15 0.625 0.31896551724137934 0.0375 0.06724137931034482
0 0.8423076923076923 0.6982758620689655 0.0375 0.06551724137931035
11 0.29903846153846153 0.25689655172413794 0.04038461538461539 0.0706896551724138
4 0.4182692307692308 0.15517241379310345 0.03942307692307692 0.07586206896551724
6 0.6770865384615384 0.38289655172413795 0.03525961538461539 0.06753448275862069
2 0.750798076923077 0.43893103448275866 0.038461538461538464 0.07039655172413793
8 0.7275673076923077 0.709051724137931 0.03685576923076923 0.07327586206896551
13 0.6943076923076923 0.8089137931034484 0.03766346153846154 0.06896551724137931
7 0.6322115384615384 0.7025862068965517 0.03685576923076923 0.06608620689655172