12 0.21057692307692308 0.6862068965517242 0.04038461538461539 0.07241379310344828
6 0.16923076923076924 0.5379310344827586 0.038461538461538464 0.07413793103448275
1 0.4519230769230769 0.6913793103448276 0.038461538461538464 0.06551724137931035
0 0.8355769230769231 0.6310344827586207 0.038461538461538464 0.06551724137931035
14 0.8153846153846154 0.23103448275862068 0.0375 0.07241379310344828
5 0.9384615384615385 0.33275862068965517 0.03942307692307692 0.0706896551724138
10 0.7682692307692308 0.5758620689655173 0.035576923076923075 0.06724137931034482
13 0.5432692307692307 0.2206896551724138 0.038461538461538464 0.07758620689655173
15 0.925 0.6379310344827587 0.03942307692307692 0.06724137931034482
8 0.5451923076923076 0.47758620689655173 0.038461538461538464 0.06724137931034482
11 0.42403846153846153 0.8086206896551724 0.0375 0.06551724137931035
3 0.3230769230769231 0.1103448275862069 0.041346153846153845 0.0706896551724138
7 0.4846153846153846 0.5 0.0375 0.0706896551724138
9 0.4423076923076923 0.12413793103448276 0.038461538461538464 0.07586206896551724
4 0.6673076923076923 0.23103448275862068 0.03653846153846154 0.07758620689655173
2 0.29647115384615386 0.4109137931034483 0.040067307692307694 0.06608620689655172