12 0.7990384615384616 0.14310344827586208 0.038461538461538464 0.07931034482758621
2 0.7740384615384616 0.32241379310344825 0.038461538461538464 0.07413793103448275
15 0.07115384615384615 0.46551724137931033 0.047115384615384615 0.0706896551724138
7 0.34134615384615385 0.3293103448275862 0.0375 0.0706896551724138
3 0.6951923076923077 0.4689655172413793 0.03653846153846154 0.06724137931034482
1 0.20576923076923076 0.5948275862068966 0.04230769230769231 0.06896551724137931
8 0.8394230769230769 0.6206896551724138 0.0375 0.06379310344827586
10 0.9192307692307692 0.6982758620689655 0.038461538461538464 0.06724137931034482
0 0.8278846153846153 0.3744310344827586 0.0375 0.06896551724137931
14 0.2721153846153846 0.3913793103448276 0.03942307692307692 0.07241379310344828
13 0.42788461538461536 0.42758620689655175 0.038461538461538464 0.0706896551724138
9 0.5442307692307692 0.46379310344827585 0.0375 0.06724137931034482
11 0.5057692307692307 0.8017241379310345 0.03653846153846154 0.06379310344827586
5 0.22788461538461538 0.5137931034482759 0.041346153846153845 0.06551724137931035
6 0.5365384615384615 0.5293103448275862 0.032692307692307694 0.06379310344827586
4 0.42403846153846153 0.496551724137931 0.038461538461538464 0.0706896551724138