3 0.3682692307692308 0.4724137931034483 0.03653846153846154 0.06724137931034482
0 0.3471153846153846 0.5431034482758621 0.03653846153846154 0.06724137931034482
6 0.3105769230769231 0.3 0.03942307692307692 0.0706896551724138
4 0.2403846153846154 0.7103448275862069 0.038461538461538464 0.06206896551724138
10 0.32019230769230766 0.46551724137931033 0.038461538461538464 0.06896551724137931
2 0.27307692307692305 0.6448275862068965 0.038461538461538464 0.06724137931034482
5 0.36730769230769234 0.6982758620689655 0.03653846153846154 0.06379310344827586
8 0.2326923076923077 0.6448275862068965 0.03653846153846154 0.06206896551724138
13 0.1596153846153846 0.2982758620689655 0.04326923076923077 0.07413793103448275
15 0.25 0.5896551724137931 0.0375 0.06551724137931035
14 0.3 0.5603448275862069 0.03653846153846154 0.06551724137931035
11 0.2 0.6844827586206896 0.038461538461538464 0.06206896551724138
9 0.3096153846153846 0.6379310344827587 0.0375 0.06379310344827586
7 0.3836538461538462 0.5396551724137931 0.035576923076923075 0.06724137931034482
1 0.2951923076923077 0.3620689655172414 0.03942307692307692 0.06724137931034482
12 0.4173076923076923 0.4689655172413793 0.0375 0.06896551724137931