15 0.7317307692307692 0.5982758620689655 0.03653846153846154 0.06551724137931035
12 0.5451923076923076 0.7913793103448276 0.03653846153846154 0.06724137931034482
5 0.21923076923076923 0.75 0.041346153846153845 0.06896551724137931
2 0.3923076923076923 0.6913793103448276 0.03942307692307692 0.07413793103448275
14 0.37115384615384617 0.15 0.038461538461538464 0.07586206896551724
3 0.3298076923076923 0.5189655172413793 0.038461538461538464 0.06896551724137931
1 0.4182692307692308 0.4189655172413793 0.038461538461538464 0.06551724137931035
8 0.12596153846153846 0.7068965517241379 0.04038461538461539 0.06724137931034482
11 0.6875 0.28793103448275864 0.0375 0.06724137931034482
10 0.06153846153846154 0.5086206896551724 0.04230769230769231 0.07241379310344828
0 0.8413461538461539 0.696551724137931 0.0375 0.06379310344827586
13 0.7336538461538461 0.46551724137931033 0.038461538461538464 0.07241379310344828
4 0.5682692307692307 0.35517241379310344 0.035576923076923075 0.07241379310344828
7 0.5461538461538461 0.2396551724137931 0.038461538461538464 0.07758620689655173
9 0.2724326923076923 0.22125862068965518 0.038461538461538464 0.06896551724137931
6 0.7736346153846154 0.23634482758620692 0.039259615384615386 0.07901724137931034