12 0.25 0.5275862068965518 0.03942307692307692 0.07241379310344828
1 0.9067307692307692 0.20344827586206896 0.03942307692307692 0.0706896551724138
9 0.36153846153846153 0.4086206896551724 0.03942307692307692 0.07241379310344828
5 0.5701923076923077 0.3931034482758621 0.0375 0.06896551724137931
8 0.7865384615384615 0.31896551724137934 0.038461538461538464 0.0706896551724138
14 0.8538461538461538 0.30689655172413793 0.03653846153846154 0.07413793103448275
3 0.5153846153846153 0.39655172413793105 0.035576923076923075 0.06896551724137931
6 0.65 0.7706896551724138 0.038461538461538464 0.06896551724137931
0 0.8538461538461538 0.7172413793103448 0.03653846153846154 0.06551724137931035
13 0.16442307692307692 0.4603448275862069 0.04038461538461539 0.07241379310344828
7 0.6519230769230769 0.5224137931034483 0.0375 0.06896551724137931
4 0.43653846153846154 0.2517241379310345 0.038461538461538464 0.07241379310344828
10 0.6394230769230769 0.8741379310344828 0.035576923076923075 0.06206896551724138
15 0.5384615384615384 0.3103448275862069 0.038461538461538464 0.06551724137931035
11 0.735173076923077 0.8448275862068966 0.036057692307692304 0.06896551724137931
2 0.25079807692307693 0.6400862068965517 0.040067307692307694 0.07039655172413793