1 0.7365384615384616 0.7120689655172414 0.038461538461538464 0.06724137931034482
0 0.8538461538461538 0.7155172413793104 0.03653846153846154 0.06551724137931035
12 0.8076923076923077 0.896551724137931 0.03461538461538462 0.06724137931034482
5 0.6471153846153846 0.6327586206896552 0.03653846153846154 0.06896551724137931
14 0.6692307692307692 0.7603448275862069 0.03653846153846154 0.06724137931034482
15 0.5923076923076923 0.6017241379310345 0.035576923076923075 0.06551724137931035
8 0.6394230769230769 0.8206896551724138 0.038461538461538464 0.06379310344827586
10 0.811701923076923 0.6106379310344828 0.03525961538461545 0.06322413793103442
6 0.7864615384615384 0.6781551724137931 0.036057692307692304 0.06896551724137931
3 0.624201923076923 0.7629310344827587 0.04006730769230776 0.0660862068965518
9 0.5973557692307693 0.8160862068965516 0.034451923076923005 0.0660862068965518
7 0.6826923076923077 0.8929655172413793 0.03525961538461545 0.06465517241379311
2 0.7175480769230769 0.9145172413793102 0.036057692307692304 0.0589137931034484
4 0.6165865384615384 0.8764310344827585 0.034451923076923005 0.06896551724137921
11 0.6494423076923077 0.9209827586206896 0.034451923076923005 0.0603448275862069
13 0.59375 0.9231379310344827 0.03365384615384615 0.06465517241379311