12 0.3096153846153846 0.5672413793103448 0.04038461538461539 0.06896551724137931
1 0.5442307692307692 0.1793103448275862 0.03942307692307692 0.0706896551724138
6 0.948076923076923 0.5189655172413793 0.041346153846153845 0.07413793103448275
14 0.5644230769230769 0.31896551724137934 0.03365384615384615 0.06206896551724138
0 0.8538461538461538 0.7155172413793104 0.0375 0.06551724137931035
10 0.3942307692307692 0.3310344827586207 0.03653846153846154 0.07413793103448275
9 0.20096153846153847 0.3775862068965517 0.04230769230769231 0.07413793103448275
11 0.06538461538461539 0.3931034482758621 0.047115384615384615 0.0706896551724138
3 0.6153846153846154 0.9155172413793103 0.03653846153846154 0.06551724137931035
7 0.7576923076923077 0.33620689655172414 0.0375 0.0706896551724138
8 0.7692307692307693 0.9172413793103448 0.0375 0.056896551724137934
13 0.4625 0.45 0.038461538461538464 0.06896551724137931
4 0.10288461538461538 0.6137931034482759 0.04423076923076923 0.07413793103448275
15 0.3644230769230769 0.896551724137931 0.038461538461538464 0.06379310344827586
5 0.6173076923076923 0.6 0.03653846153846154 0.06551724137931035
2 0.8129038461538461 0.36565517241379314 0.034451923076923074 0.07327586206896551