12 0.45 0.3275862068965517 0.03942307692307692 0.07758620689655173
5 0.4 0.4706896551724138 0.03942307692307692 0.06379310344827586
1 0.49423076923076925 0.6137931034482759 0.038461538461538464 0.06724137931034482
3 0.4480769230769231 0.5568965517241379 0.038461538461538464 0.06551724137931035
6 0.34134615384615385 0.5655172413793104 0.041346153846153845 0.07586206896551724
13 0.6711538461538461 0.27241379310344827 0.03942307692307692 0.07413793103448275
2 0.614423076923077 0.75 0.035576923076923075 0.06206896551724138
14 0.3817307692307692 0.12586206896551724 0.03653846153846154 0.07586206896551724
4 0.4201923076923077 0.4086206896551724 0.03942307692307692 0.06724137931034482
8 0.6730769230769231 0.45517241379310347 0.03653846153846154 0.06724137931034482
15 0.7326923076923076 0.5103448275862069 0.0375 0.06724137931034482
7 0.8596153846153847 0.7620689655172413 0.03653846153846154 0.06551724137931035
10 0.6125 0.4051724137931034 0.03653846153846154 0.06896551724137931
0 0.6650673076923077 0.37643103448275866 0.038461538461538464 0.06896551724137931
11 0.41466346153846156 0.7054655172413793 0.03766346153846154 0.06896551724137931
9 0.8329326923076923 0.2945344827586207 0.039259615384615386 0.0718448275862069