13 0.5298076923076923 0.6862068965517242 0.03461538461538462 0.056896551724137934
0 0.46826923076923077 0.843103448275862 0.03653846153846154 0.06379310344827586
1 0.4288461538461538 0.6741379310344827 0.0375 0.06379310344827586
11 0.5855769230769231 0.6672413793103448 0.035576923076923075 0.06379310344827586
6 0.46153846153846156 0.753448275862069 0.03653846153846154 0.06551724137931035
8 0.5682692307692307 0.5775862068965517 0.035576923076923075 0.06206896551724138
2 0.5846153846153846 0.8655172413793103 0.03461538461538462 0.06379310344827586
3 0.5442307692307692 0.8672413793103448 0.03461538461538462 0.06551724137931035
15 0.5990384615384615 0.8086206896551724 0.03653846153846154 0.06379310344827586
12 0.5836538461538462 0.7362068965517241 0.03365384615384615 0.06206896551724138
4 0.49423076923076925 0.7948275862068965 0.03653846153846154 0.06896551724137931
5 0.551923076923077 0.7689655172413793 0.03365384615384615 0.06206896551724138
10 0.5115384615384615 0.6310344827586207 0.03461538461538462 0.06206896551724138
9 0.48846153846153845 0.7086206896551724 0.0375 0.06551724137931035
14 0.5471153846153847 0.6275862068965518 0.03076923076923077 0.05862068965517241
7 0.5188269230769231 0.7464137931034484 0.029644230769230766 0.07039655172413793