0 0.9144230769230769 0.6775862068965517 0.038461538461538464 0.06206896551724138
13 0.7403846153846154 0.3275862068965517 0.0375 0.06724137931034482
3 0.9471153846153846 0.5103448275862069 0.0375 0.06896551724137931
8 0.7615384615384615 0.4862068965517241 0.03653846153846154 0.06896551724137931
12 0.7990384615384616 0.11379310344827587 0.0375 0.07241379310344828
9 0.7855769230769231 0.6327586206896552 0.03653846153846154 0.06379310344827586
10 0.9278846153846154 0.3724137931034483 0.038461538461538464 0.0706896551724138
1 0.8663461538461539 0.24310344827586206 0.038461538461538464 0.06724137931034482
7 0.948076923076923 0.7637931034482759 0.038461538461538464 0.06724137931034482
2 0.9134615384615384 0.4844827586206897 0.03461538461538462 0.06551724137931035
14 0.9 0.6103448275862069 0.035576923076923075 0.06379310344827586
6 0.8038461538461539 0.31551724137931036 0.03653846153846154 0.0706896551724138
4 0.7846153846153846 0.5568965517241379 0.035576923076923075 0.06379310344827586
5 0.8269230769230769 0.16551724137931034 0.038461538461538464 0.06896551724137931
11 0.7375 0.6448275862068965 0.035576923076923075 0.06379310344827586
15 0.8990384615384616 0.19655172413793104 0.038461538461538464 0.06896551724137931