11 0.18846153846153846 0.7293103448275862 0.038461538461538464 0.0603448275862069
0 0.125 0.9017241379310345 0.04230769230769231 0.06896551724137931
15 0.2375 0.7189655172413794 0.04038461538461539 0.06896551724137931
13 0.12788461538461537 0.6948275862068966 0.041346153846153845 0.06551724137931035
4 0.28846153846153844 0.8551724137931035 0.03653846153846154 0.06724137931034482
10 0.12307692307692308 0.7948275862068965 0.03942307692307692 0.06379310344827586
8 0.2778846153846154 0.7258620689655172 0.03653846153846154 0.06206896551724138
7 0.16442307692307692 0.6793103448275862 0.038461538461538464 0.06724137931034482
1 0.2721153846153846 0.7965517241379311 0.038461538461538464 0.06379310344827586
6 0.24711538461538463 0.8862068965517241 0.03653846153846154 0.06551724137931035
2 0.2 0.853448275862069 0.038461538461538464 0.06206896551724138
12 0.2 0.7913793103448276 0.0375 0.0603448275862069
9 0.20288461538461539 0.9224137931034483 0.038461538461538464 0.0603448275862069
14 0.1596153846153846 0.7862068965517242 0.03461538461538462 0.06724137931034482
3 0.15865384615384615 0.8482758620689655 0.038461538461538464 0.06379310344827586
5 0.2375 0.8189655172413793 0.0375 0.06379310344827586