7 0.2673076923076923 0.12413793103448276 0.038461538461538464 0.07241379310344828
2 0.23173076923076924 0.3568965517241379 0.03942307692307692 0.07241379310344828
0 0.21634615384615385 0.23275862068965517 0.04038461538461539 0.0706896551724138
11 0.33942307692307694 0.23275862068965517 0.038461538461538464 0.06206896551724138
4 0.30288461538461536 0.3724137931034483 0.038461538461538464 0.07241379310344828
10 0.25576923076923075 0.2103448275862069 0.03942307692307692 0.06896551724137931
8 0.32596153846153847 0.44655172413793104 0.03942307692307692 0.0706896551724138
9 0.29134615384615387 0.2637931034482759 0.0375 0.0603448275862069
14 0.33557692307692305 0.10862068965517241 0.03653846153846154 0.06206896551724138
5 0.24679807692307693 0.2818965517241379 0.03653846153846154 0.06551724137931035
6 0.1798076923076923 0.16896551724137931 0.04230769230769231 0.07931034482758621
12 0.20961538461538462 0.3017241379310345 0.03461538461538462 0.06206896551724138
13 0.22403846153846155 0.10517241379310345 0.03942307692307692 0.06896551724137931
15 0.17884615384615385 0.2520172413793103 0.03942307692307692 0.06896551724137931
3 0.326125 0.16724137931034483 0.03653846153846154 0.06724137931034482
1 0.28886538461538463 0.1882241379310345 0.036057692307692304 0.06896551724137934