13 0.5509615384615385 0.16206896551724137 0.035576923076923075 0.06896551724137931
1 0.6086538461538461 0.2810344827586207 0.035576923076923075 0.06551724137931035
8 0.5182692307692308 0.3741379310344828 0.03653846153846154 0.06551724137931035
5 0.5394230769230769 0.23275862068965517 0.035576923076923075 0.06896551724137931
9 0.6096153846153847 0.11206896551724138 0.035576923076923075 0.06379310344827586
11 0.6490384615384616 0.11206896551724138 0.03653846153846154 0.06379310344827586
0 0.5778846153846153 0.21551724137931033 0.03942307692307692 0.06724137931034482
4 0.675 0.1793103448275862 0.035576923076923075 0.06724137931034482
3 0.6692307692307692 0.34655172413793106 0.035576923076923075 0.06724137931034482
12 0.573076923076923 0.2775862068965517 0.03365384615384615 0.06379310344827586
15 0.6336538461538461 0.3810344827586207 0.035576923076923075 0.06551724137931035
14 0.6096153846153847 0.1793103448275862 0.03461538461538462 0.06724137931034482
7 0.5740384615384615 0.1103448275862069 0.03653846153846154 0.06724137931034482
2 0.682375 0.24798275862068966 0.035576923076923075 0.0706896551724138
6 0.5333365384615384 0.3066034482758621 0.035576923076923075 0.06896551724137931
10 0.6955096153846154 0.1135 0.03525961538461545 0.06896551724137931