2 0.37115384615384617 0.3258620689655172 0.03653846153846154 0.06551724137931035
4 0.42980769230769234 0.27413793103448275 0.0375 0.07413793103448275
11 0.42788461538461536 0.19655172413793104 0.038461538461538464 0.06551724137931035
5 0.29134615384615387 0.10775862068965517 0.0375 0.06379310344827586
3 0.33557692307692305 0.33620689655172414 0.03461538461538462 0.06724137931034482
12 0.3663461538461538 0.25862068965517243 0.038461538461538464 0.0706896551724138
0 0.3471153846153846 0.18620689655172415 0.03942307692307692 0.06724137931034482
14 0.3855769230769231 0.17413793103448275 0.03365384615384615 0.06551724137931035
9 0.4048076923076923 0.1103448275862069 0.038461538461538464 0.06551724137931035
7 0.3625 0.11896551724137931 0.03461538461538462 0.07758620689655173
8 0.2923076923076923 0.16724137931034483 0.03942307692307692 0.06896551724137931
13 0.3278846153846154 0.10862068965517241 0.03653846153846154 0.06379310344827586
15 0.3121826923076923 0.283051724137931 0.038461538461538464 0.06724137931034482
1 0.4 0.23793103448275862 0.035576923076923075 0.06379310344827586
10 0.4408653846153846 0.1341896551724138 0.03365384615384615 0.06896551724137931
6 0.3174711538461539 0.21379310344827587 0.0375 0.06724137931034482