11 0.18942307692307692 0.3879310344827586 0.03942307692307692 0.06206896551724138
13 0.1548076923076923 0.42586206896551726 0.038461538461538464 0.06551724137931035
12 0.07211538461538461 0.36724137931034484 0.041346153846153845 0.06896551724137931
4 0.18557692307692308 0.6206896551724138 0.04038461538461539 0.06724137931034482
7 0.14326923076923076 0.3137931034482759 0.03942307692307692 0.06724137931034482
1 0.12884615384615383 0.3758620689655172 0.041346153846153845 0.0706896551724138
8 0.19423076923076923 0.553448275862069 0.03461538461538462 0.0603448275862069
0 0.17692307692307693 0.49310344827586206 0.041346153846153845 0.06724137931034482
9 0.15384615384615385 0.5448275862068965 0.04038461538461539 0.06379310344827586
14 0.2144230769230769 0.4362068965517241 0.0375 0.06551724137931035
10 0.06538461538461539 0.42931034482758623 0.041346153846153845 0.06379310344827586
3 0.18173076923076922 0.32241379310344825 0.0375 0.06379310344827586
5 0.09358653846153846 0.49194827586206896 0.0375 0.06379310344827586
15 0.13173076923076923 0.4793103448275862 0.03653846153846154 0.06379310344827586
2 0.05593269230769231 0.503448275862069 0.03493269230769231 0.06896551724137931
6 0.10673076923076923 0.4224137931034483 0.04038461538461539 0.06896551724137931