11 0.7038461538461539 0.6810344827586207 0.035576923076923075 0.0603448275862069
9 0.7153846153846154 0.7965517241379311 0.03653846153846154 0.06379310344827586
7 0.8048076923076923 0.8862068965517241 0.03653846153846154 0.06379310344827586
10 0.6644230769230769 0.7948275862068965 0.03365384615384615 0.056896551724137934
0 0.7076923076923077 0.8637931034482759 0.03461538461538462 0.06206896551724138
3 0.6028846153846154 0.8982758620689655 0.035576923076923075 0.06724137931034482
12 0.7471153846153846 0.746551724137931 0.035576923076923075 0.06379310344827586
14 0.6798076923076923 0.6275862068965518 0.03365384615384615 0.06206896551724138
8 0.7653846153846153 0.803448275862069 0.035576923076923075 0.05862068965517241
4 0.6855769230769231 0.743103448275862 0.035576923076923075 0.06724137931034482
6 0.7519230769230769 0.8741379310344828 0.03365384615384615 0.06206896551724138
2 0.6701923076923076 0.9224137931034483 0.035576923076923075 0.06206896551724138
15 0.6384615384615384 0.8827586206896552 0.03653846153846154 0.06379310344827586
1 0.7259615384615384 0.9206896551724137 0.03461538461538462 0.06206896551724138
5 0.6721153846153847 0.8568965517241379 0.03461538461538462 0.0603448275862069
13 0.6471153846153846 0.7379310344827587 0.03461538461538462 0.06379310344827586