3 0.6846153846153846 0.5741379310344827 0.03461538461538462 0.0706896551724138
11 0.7769230769230769 0.3706896551724138 0.035576923076923075 0.06206896551724138
4 0.8105769230769231 0.41724137931034483 0.03653846153846154 0.06896551724137931
1 0.7048076923076924 0.41551724137931034 0.03653846153846154 0.06896551724137931
2 0.7115384615384616 0.4896551724137931 0.0375 0.06724137931034482
10 0.8201923076923077 0.33793103448275863 0.035576923076923075 0.06896551724137931
12 0.6817307692307693 0.22758620689655173 0.035576923076923075 0.06724137931034482
13 0.6576923076923077 0.1724137931034483 0.0375 0.0706896551724138
9 0.7855769230769231 0.4724137931034483 0.03461538461538462 0.06379310344827586
0 0.7346153846153847 0.296551724137931 0.03653846153846154 0.06551724137931035
7 0.7365384615384616 0.3706896551724138 0.03653846153846154 0.06379310344827586
14 0.7480769230769231 0.4672413793103448 0.03365384615384615 0.06724137931034482
8 0.7048076923076924 0.33275862068965517 0.04038461538461539 0.07413793103448275
6 0.7403846153846154 0.19482758620689655 0.038461538461538464 0.07586206896551724
15 0.6490384615384616 0.5655172413793104 0.035576923076923075 0.06379310344827586
5 0.6522403846153847 0.27082758620689656 0.030451923076923147 0.06177586206896549