0 0.7894230769230769 0.646551724137931 0.03653846153846154 0.06724137931034482
13 0.7375 0.553448275862069 0.03653846153846154 0.0603448275862069
4 0.7855769230769231 0.55 0.03653846153846154 0.06551724137931035
8 0.7548076923076923 0.7948275862068965 0.03365384615384615 0.0603448275862069
6 0.6461538461538462 0.7017241379310345 0.03461538461538462 0.06896551724137931
1 0.8519230769230769 0.5379310344827586 0.038461538461538464 0.06551724137931035
2 0.6817307692307693 0.6775862068965517 0.03653846153846154 0.06896551724137931
12 0.7019230769230769 0.7655172413793103 0.03461538461538462 0.06551724137931035
10 0.7596153846153846 0.503448275862069 0.035576923076923075 0.06379310344827586
5 0.875 0.603448275862069 0.03653846153846154 0.06206896551724138
14 0.7375 0.6517241379310345 0.03365384615384615 0.06379310344827586
3 0.65 0.843103448275862 0.03461538461538462 0.06551724137931035
15 0.7634615384615384 0.6051724137931035 0.035576923076923075 0.06551724137931035
7 0.7923076923076923 0.8137931034482758 0.03173076923076923 0.0603448275862069
9 0.6663461538461538 0.7637931034482759 0.03365384615384615 0.06206896551724138
11 0.6894230769230769 0.5517241379310345 0.03461538461538462 0.06206896551724138