15 0.8346153846153846 0.3 0.035576923076923075 0.06379310344827586
1 0.8173076923076923 0.4689655172413793 0.0375 0.06896551724137931
0 0.8548076923076923 0.38620689655172413 0.038461538461538464 0.06896551724137931
9 0.6115384615384616 0.32413793103448274 0.0375 0.07241379310344828
12 0.8182692307692307 0.3913793103448276 0.03461538461538462 0.06379310344827586
10 0.8403846153846154 0.20862068965517241 0.038461538461538464 0.07241379310344828
4 0.8317307692307693 0.11206896551724138 0.0375 0.07413793103448275
2 0.7076923076923077 0.2982758620689655 0.038461538461538464 0.0706896551724138
13 0.7990384615384616 0.27413793103448275 0.0375 0.06896551724137931
5 0.6855769230769231 0.5258620689655172 0.03653846153846154 0.06724137931034482
8 0.6240384615384615 0.42758620689655175 0.03653846153846154 0.07413793103448275
11 0.6490384615384616 0.18620689655172415 0.0375 0.06724137931034482
6 0.6173076923076923 0.22758620689655173 0.035576923076923075 0.06896551724137931
7 0.5788461538461539 0.43448275862068964 0.03461538461538462 0.06724137931034482
14 0.7096153846153846 0.3689655172413793 0.03653846153846154 0.06551724137931035
3 0.6526442307692307 0.25574137931034485 0.034451923076923005 0.07184482758620693