11 0.7653846153846153 0.5706896551724138 0.035576923076923075 0.0603448275862069
6 0.0625 0.5517241379310345 0.04423076923076923 0.0706896551724138
1 0.6384615384615384 0.4224137931034483 0.0375 0.06724137931034482
15 0.7259615384615384 0.3310344827586207 0.035576923076923075 0.06896551724137931
9 0.1951923076923077 0.6362068965517241 0.03942307692307692 0.06379310344827586
2 0.7153846153846154 0.7965517241379311 0.035576923076923075 0.06551724137931035
12 0.635576923076923 0.31896551724137934 0.035576923076923075 0.0706896551724138
10 0.24903846153846154 0.44655172413793104 0.03942307692307692 0.07413793103448275
7 0.7836538461538461 0.4793103448275862 0.035576923076923075 0.0706896551724138
14 0.7894230769230769 0.6413793103448275 0.03365384615384615 0.06206896551724138
0 0.37596153846153846 0.3793103448275862 0.038461538461538464 0.0706896551724138
8 0.8221153846153846 0.6672413793103448 0.035576923076923075 0.06724137931034482
4 0.5682692307692307 0.35517241379310344 0.03653846153846154 0.07586206896551724
5 0.7653846153846153 0.8293103448275863 0.0375 0.06379310344827586
13 0.7442307692307693 0.4017241379310345 0.0375 0.06896551724137931
3 0.23173076923076924 0.5241379310344828 0.03942307692307692 0.06896551724137931