1 0.41057692307692306 0.5189655172413793 0.0375 0.06551724137931035
5 0.058653846153846154 0.5982758620689655 0.04326923076923077 0.06551724137931035
11 0.33076923076923076 0.6362068965517241 0.038461538461538464 0.06206896551724138
8 0.2971153846153846 0.6879310344827586 0.038461538461538464 0.06379310344827586
4 0.22692307692307692 0.6775862068965517 0.04038461538461539 0.06896551724137931
3 0.9153846153846154 0.7293103448275862 0.0375 0.06379310344827586
12 0.7721153846153846 0.6224137931034482 0.035576923076923075 0.06724137931034482
0 0.18653846153846154 0.40344827586206894 0.041346153846153845 0.06896551724137931
2 0.8048076923076923 0.503448275862069 0.038461538461538464 0.0706896551724138
9 0.3942307692307692 0.6086206896551725 0.03653846153846154 0.06379310344827586
13 0.39807692307692305 0.35 0.0375 0.07586206896551724
14 0.24423076923076922 0.32068965517241377 0.0375 0.0706896551724138
10 0.8173076923076923 0.6327586206896552 0.03653846153846154 0.06896551724137931
6 0.9394230769230769 0.4689655172413793 0.03942307692307692 0.07413793103448275
7 0.9096153846153846 0.65 0.035576923076923075 0.06551724137931035
15 0.16266346153846153 0.5086206896551724 0.038461538461538464 0.06896551724137931