3 0.10576923076923077 0.6362068965517241 0.04038461538461539 0.07241379310344828
1 0.6692307692307692 0.5982758620689655 0.0375 0.06551724137931035
12 0.07403846153846154 0.4517241379310345 0.0375 0.06551724137931035
8 0.5769230769230769 0.4982758620689655 0.03653846153846154 0.06896551724137931
13 0.6817307692307693 0.5120689655172413 0.0375 0.06379310344827586
14 0.29903846153846153 0.20344827586206896 0.03653846153846154 0.0706896551724138
4 0.3576923076923077 0.2982758620689655 0.0375 0.07413793103448275
9 0.4971153846153846 0.746551724137931 0.038461538461538464 0.06551724137931035
5 0.5615384615384615 0.5827586206896552 0.035576923076923075 0.06379310344827586
11 0.6278846153846154 0.5051724137931034 0.03653846153846154 0.06551724137931035
10 0.06346153846153846 0.6017241379310345 0.04038461538461539 0.06724137931034482
0 0.6817307692307693 0.2517241379310345 0.03653846153846154 0.06896551724137931
7 0.11346153846153846 0.4689655172413793 0.04038461538461539 0.06724137931034482
2 0.07307692307692308 0.5327586206896552 0.041346153846153845 0.06896551724137931
6 0.35865384615384616 0.7068965517241379 0.03942307692307692 0.0706896551724138
15 0.6 0.41379310344827586 0.03653846153846154 0.06379310344827586