9 0.6586538461538461 0.7810344827586206 0.035576923076923075 0.05862068965517241
12 0.7153846153846154 0.6931034482758621 0.035576923076923075 0.0603448275862069
8 0.7682692307692308 0.7379310344827587 0.03365384615384615 0.06206896551724138
13 0.6701923076923076 0.5896551724137931 0.03653846153846154 0.06379310344827586
14 0.7451923076923077 0.593103448275862 0.03461538461538462 0.06379310344827586
2 0.6403846153846153 0.5310344827586206 0.038461538461538464 0.0706896551724138
0 0.6076923076923076 0.503448275862069 0.035576923076923075 0.06724137931034482
10 0.7 0.8068965517241379 0.035576923076923075 0.06724137931034482
1 0.7519230769230769 0.6793103448275862 0.035576923076923075 0.06724137931034482
3 0.6836538461538462 0.7275862068965517 0.03461538461538462 0.06206896551724138
7 0.6009615384615384 0.6982758620689655 0.035576923076923075 0.06379310344827586
5 0.7038461538461539 0.6258620689655172 0.03653846153846154 0.06206896551724138
11 0.7038461538461539 0.6241379310344828 0.03653846153846154 0.06206896551724138
6 0.675 0.6586206896551724 0.035576923076923075 0.06379310344827586
15 0.7307692307692307 0.7551724137931034 0.035576923076923075 0.0603448275862069
4 0.71675 0.5574655172413793 0.034451923076923074 0.06322413793103449