5 0.10961538461538461 0.5568965517241379 0.04423076923076923 0.06896551724137931
3 0.1451923076923077 0.603448275862069 0.041346153846153845 0.07241379310344828
0 0.32884615384615384 0.8 0.038461538461538464 0.06896551724137931
13 0.475 0.4206896551724138 0.035576923076923075 0.06551724137931035
2 0.4653846153846154 0.603448275862069 0.03942307692307692 0.0706896551724138
1 0.3548076923076923 0.38448275862068965 0.03942307692307692 0.06896551724137931
9 0.5298076923076923 0.5637931034482758 0.03653846153846154 0.06551724137931035
14 0.3701923076923077 0.6551724137931034 0.03461538461538462 0.0603448275862069
12 0.2153846153846154 0.4896551724137931 0.04038461538461539 0.07413793103448275
10 0.4153846153846154 0.6344827586206897 0.035576923076923075 0.06724137931034482
8 0.37115384615384617 0.7206896551724138 0.0375 0.06379310344827586
11 0.4528846153846154 0.5396551724137931 0.03653846153846154 0.06206896551724138
6 0.42788461538461536 0.42931034482758623 0.038461538461538464 0.07241379310344828
15 0.3769230769230769 0.2827586206896552 0.038461538461538464 0.06724137931034482
4 0.4980769230769231 0.36379310344827587 0.0375 0.0706896551724138
7 0.2776442307692308 0.7564655172413793 0.03925961538461542 0.05891379310344821