1 0.6278846153846154 0.42586206896551726 0.038461538461538464 0.06724137931034482
5 0.30480769230769234 0.44482758620689655 0.0375 0.06551724137931035
3 0.5480769230769231 0.4982758620689655 0.0375 0.0706896551724138
9 0.7596153846153846 0.4086206896551724 0.0375 0.06724137931034482
15 0.7346153846153847 0.3620689655172414 0.03653846153846154 0.06896551724137931
12 0.3875 0.3689655172413793 0.03653846153846154 0.07241379310344828
13 0.13942307692307693 0.6741379310344827 0.041346153846153845 0.06896551724137931
10 0.4625 0.41724137931034483 0.0375 0.07413793103448275
8 0.3211538461538462 0.5741379310344827 0.038461538461538464 0.0706896551724138
0 0.25 0.35517241379310344 0.03942307692307692 0.06896551724137931
6 0.7576923076923077 0.4810344827586207 0.0375 0.07413793103448275
4 0.30096153846153845 0.3482758620689655 0.03942307692307692 0.07413793103448275
14 0.5951923076923077 0.5482758620689655 0.035576923076923075 0.0706896551724138
7 0.6567307692307692 0.4879310344827586 0.03653846153846154 0.07241379310344828
2 0.2759615384615385 0.4051724137931034 0.038461538461538464 0.07241379310344828
11 0.2375769230769231 0.15660344827586206 0.03925961538461537 0.06896551724137931