11 0.18846153846153846 0.35344827586206895 0.03942307692307692 0.06206896551724138
9 0.33557692307692305 0.41551724137931034 0.038461538461538464 0.06206896551724138
1 0.38461538461538464 0.42586206896551726 0.03653846153846154 0.06724137931034482
14 0.42403846153846153 0.4396551724137931 0.035576923076923075 0.06896551724137931
8 0.38846153846153847 0.35172413793103446 0.0375 0.06206896551724138
2 0.25384615384615383 0.16896551724137931 0.04038461538461539 0.07413793103448275
7 0.37884615384615383 0.5258620689655172 0.0375 0.06724137931034482
12 0.2528846153846154 0.30689655172413793 0.0375 0.06724137931034482
3 0.20673076923076922 0.41206896551724137 0.03942307692307692 0.06724137931034482
6 0.20961538461538462 0.2293103448275862 0.03942307692307692 0.07413793103448275
10 0.2721153846153846 0.4068965517241379 0.0375 0.06724137931034482
0 0.3471153846153846 0.3568965517241379 0.0375 0.06724137931034482
4 0.4048076923076923 0.2896551724137931 0.03653846153846154 0.06896551724137931
13 0.2701923076923077 0.24482758620689654 0.03942307692307692 0.06724137931034482
5 0.38653846153846155 0.23103448275862068 0.038461538461538464 0.06724137931034482
15 0.3625769230769231 0.2823275862068966 0.03285576923076923 0.06753448275862069