1 0.5865384615384616 0.2206896551724138 0.03653846153846154 0.06896551724137931
9 0.4153846153846154 0.19137931034482758 0.035576923076923075 0.06724137931034482
2 0.42788461538461536 0.1206896551724138 0.038461538461538464 0.07413793103448275
14 0.625 0.20172413793103447 0.03461538461538462 0.06896551724137931
0 0.6423076923076924 0.1413793103448276 0.0375 0.0706896551724138
3 0.5173076923076924 0.3586206896551724 0.035576923076923075 0.06724137931034482
4 0.5528846153846154 0.18620689655172415 0.0375 0.07413793103448275
8 0.5038461538461538 0.2603448275862069 0.0375 0.06724137931034482
7 0.4798076923076923 0.3310344827586207 0.03365384615384615 0.07413793103448275
11 0.551923076923077 0.33620689655172414 0.03461538461538462 0.0603448275862069
13 0.44903846153846155 0.20862068965517241 0.038461538461538464 0.07241379310344828
10 0.4461538461538462 0.30517241379310345 0.03653846153846154 0.07241379310344828
5 0.5798076923076924 0.1413793103448276 0.038461538461538464 0.07241379310344828
12 0.42115384615384616 0.2637931034482759 0.035576923076923075 0.06379310344827586
15 0.5615384615384615 0.27241379310344827 0.03653846153846154 0.06551724137931035
6 0.5228365384615384 0.2097758620689655 0.034451923076923074 0.06608620689655172