8 0.40384615384615385 0.85 0.03653846153846154 0.06379310344827586
11 0.4461538461538462 0.8120689655172414 0.03365384615384615 0.056896551724137934
14 0.46153846153846156 0.696551724137931 0.03365384615384615 0.06379310344827586
15 0.4346153846153846 0.75 0.03365384615384615 0.06206896551724138
6 0.5807692307692308 0.7396551724137931 0.03461538461538462 0.06724137931034482
3 0.6423076923076924 0.8379310344827586 0.03461538461538462 0.06206896551724138
13 0.5038461538461538 0.7379310344827587 0.03653846153846154 0.06379310344827586
9 0.48846153846153845 0.8155172413793104 0.032692307692307694 0.05517241379310345
2 0.5480769230769231 0.7396551724137931 0.03365384615384615 0.06896551724137931
7 0.6403846153846153 0.7689655172413793 0.035576923076923075 0.06724137931034482
10 0.5961538461538461 0.8172413793103448 0.03461538461538462 0.06379310344827586
0 0.4269230769230769 0.6844827586206896 0.03653846153846154 0.06206896551724138
12 0.5615384615384615 0.8017241379310345 0.032692307692307694 0.05517241379310345
5 0.3971153846153846 0.7172413793103448 0.038461538461538464 0.06206896551724138
4 0.3817307692307692 0.7862068965517242 0.0375 0.06551724137931035
1 0.47035576923076927 0.7643620689655172 0.03525961538461535 0.0603448275862069