5 0.24615384615384617 0.32068965517241377 0.03942307692307692 0.0706896551724138
9 0.46826923076923077 0.296551724137931 0.0375 0.0706896551724138
0 0.30288461538461536 0.5603448275862069 0.0375 0.06896551724137931
2 0.42403846153846153 0.6206896551724138 0.03653846153846154 0.07241379310344828
3 0.35 0.5517241379310345 0.0375 0.06724137931034482
14 0.2903846153846154 0.23275862068965517 0.0375 0.06551724137931035
1 0.40384615384615385 0.42758620689655175 0.03942307692307692 0.06896551724137931
8 0.36730769230769234 0.2775862068965517 0.0375 0.06896551724137931
11 0.4221153846153846 0.5344827586206896 0.035576923076923075 0.056896551724137934
13 0.43173076923076925 0.4689655172413793 0.035576923076923075 0.06551724137931035
10 0.29134615384615387 0.34655172413793106 0.0375 0.06896551724137931
7 0.3192307692307692 0.29482758620689653 0.0375 0.0706896551724138
6 0.3836538461538462 0.6396551724137931 0.03653846153846154 0.06379310344827586
12 0.40192307692307694 0.2620689655172414 0.035576923076923075 0.07241379310344828
4 0.32596153846153847 0.3706896551724138 0.0375 0.07241379310344828
15 0.45384615384615384 0.36379310344827587 0.0375 0.06724137931034482