11 0.8048076923076923 0.6379310344827587 0.035576923076923075 0.06206896551724138
1 0.8519230769230769 0.5758620689655173 0.038461538461538464 0.06551724137931035
12 0.6596153846153846 0.7051724137931035 0.03461538461538462 0.06379310344827586
0 0.5836538461538462 0.47413793103448276 0.03653846153846154 0.06551724137931035
4 0.5855769230769231 0.5431034482758621 0.03653846153846154 0.07241379310344828
10 0.926923076923077 0.506896551724138 0.0375 0.06896551724137931
6 0.5913461538461539 0.6741379310344827 0.03653846153846154 0.06724137931034482
3 0.7625 0.5103448275862069 0.03461538461538462 0.06379310344827586
9 0.8009615384615385 0.32241379310344825 0.038461538461538464 0.06551724137931035
2 0.6365384615384615 0.7672413793103449 0.035576923076923075 0.06551724137931035
8 0.7259615384615384 0.5293103448275862 0.03653846153846154 0.06551724137931035
13 0.885576923076923 0.4206896551724138 0.03942307692307692 0.06896551724137931
14 0.5798076923076924 0.4 0.035576923076923075 0.06379310344827586
7 0.7134615384615385 0.7017241379310345 0.035576923076923075 0.06896551724137931
5 0.5471153846153847 0.453448275862069 0.03653846153846154 0.06379310344827586
15 0.7557692307692307 0.6379310344827587 0.035576923076923075 0.06724137931034482