2 0.6798076923076923 0.6103448275862069 0.035576923076923075 0.06724137931034482
1 0.5836538461538462 0.5258620689655172 0.03653846153846154 0.06551724137931035
7 0.5115384615384615 0.46206896551724136 0.03653846153846154 0.06896551724137931
8 0.5442307692307692 0.6189655172413793 0.035576923076923075 0.0603448275862069
3 0.5817307692307693 0.7155172413793104 0.035576923076923075 0.06379310344827586
0 0.36153846153846153 0.7655172413793103 0.038461538461538464 0.06724137931034482
9 0.5576923076923077 0.4672413793103448 0.0375 0.06379310344827586
11 0.48846153846153845 0.6293103448275862 0.03653846153846154 0.0603448275862069
14 0.6259615384615385 0.4724137931034483 0.035576923076923075 0.06551724137931035
12 0.5163461538461539 0.6724137931034483 0.03653846153846154 0.06724137931034482
4 0.4913461538461538 0.5379310344827586 0.035576923076923075 0.06724137931034482
5 0.6346153846153846 0.6275862068965518 0.035576923076923075 0.06379310344827586
6 0.5259615384615385 0.5551724137931034 0.035576923076923075 0.06551724137931035
13 0.5807692307692308 0.36551724137931035 0.03653846153846154 0.06896551724137931
15 0.575 0.6517241379310345 0.032692307692307694 0.06379310344827586
10 0.6211538461538462 0.5620689655172414 0.03461538461538462 0.06379310344827586