3 0.4394230769230769 0.12413793103448276 0.038461538461538464 0.07241379310344828
9 0.9403846153846154 0.24310344827586206 0.038461538461538464 0.06896551724137931
2 0.42403846153846153 0.4482758620689655 0.03653846153846154 0.0706896551724138
0 0.30288461538461536 0.7172413793103448 0.03942307692307692 0.06724137931034482
8 0.5480769230769231 0.4896551724137931 0.03461538461538462 0.06551724137931035
15 0.9144230769230769 0.5879310344827586 0.038461538461538464 0.06551724137931035
1 0.28942307692307695 0.44310344827586207 0.04038461538461539 0.06724137931034482
11 0.44326923076923075 0.20689655172413793 0.03653846153846154 0.06724137931034482
4 0.7884615384615384 0.5103448275862069 0.0375 0.0706896551724138
12 0.7278846153846154 0.38620689655172413 0.03653846153846154 0.06896551724137931
7 0.8721153846153846 0.3482758620689655 0.03653846153846154 0.0706896551724138
14 0.7384615384615385 0.4706896551724138 0.03461538461538462 0.06551724137931035
6 0.3923076923076923 0.41724137931034483 0.0375 0.07586206896551724
10 0.09038461538461538 0.5448275862068965 0.041346153846153845 0.06896551724137931
13 0.49903846153846154 0.4793103448275862 0.035576923076923075 0.06896551724137931
5 0.05673076923076923 0.49137931034482757 0.04423076923076923 0.06724137931034482