4 0.07788461538461539 0.7379310344827587 0.041346153846153845 0.06379310344827586
11 0.16442307692307692 0.5482758620689655 0.041346153846153845 0.06379310344827586
0 0.3192307692307692 0.8051724137931034 0.038461538461538464 0.06896551724137931
2 0.8961538461538462 0.6086206896551725 0.03653846153846154 0.06551724137931035
1 0.8384615384615385 0.4482758620689655 0.038461538461538464 0.06724137931034482
3 0.5086538461538461 0.6431034482758621 0.0375 0.06551724137931035
7 0.06442307692307692 0.3017241379310345 0.04326923076923077 0.07241379310344828
5 0.8442307692307692 0.6689655172413793 0.03653846153846154 0.06379310344827586
15 0.8057692307692308 0.506896551724138 0.03653846153846154 0.06379310344827586
10 0.8163461538461538 0.6 0.038461538461538464 0.06896551724137931
14 0.8730769230769231 0.5448275862068965 0.03365384615384615 0.0603448275862069
12 0.3384615384615385 0.6310344827586207 0.0375 0.0706896551724138
13 0.9451923076923077 0.25689655172413794 0.03942307692307692 0.07241379310344828
9 0.8298076923076924 0.3586206896551724 0.0375 0.06724137931034482
6 0.075 0.46551724137931033 0.041346153846153845 0.07413793103448275
8 0.26634615384615384 0.5396551724137931 0.03942307692307692 0.06896551724137931