5 0.6653846153846154 0.6482758620689655 0.03653846153846154 0.06724137931034482
2 0.5615384615384615 0.3896551724137931 0.03653846153846154 0.07241379310344828
1 0.17403846153846153 0.24482758620689654 0.04230769230769231 0.0706896551724138
3 0.6067307692307692 0.7120689655172414 0.03653846153846154 0.06551724137931035
7 0.6586538461538461 0.30344827586206896 0.038461538461538464 0.0706896551724138
8 0.6288461538461538 0.5982758620689655 0.03653846153846154 0.06724137931034482
9 0.8490384615384615 0.846551724137931 0.0375 0.06206896551724138
12 0.5884615384615385 0.5396551724137931 0.03653846153846154 0.06724137931034482
15 0.5548076923076923 0.5 0.035576923076923075 0.06551724137931035
10 0.5961538461538461 0.6379310344827587 0.035576923076923075 0.06551724137931035
14 0.4855769230769231 0.4586206896551724 0.03461538461538462 0.06379310344827586
0 0.5951923076923077 0.3396551724137931 0.038461538461538464 0.06896551724137931
11 0.43365384615384617 0.41379310344827586 0.03653846153846154 0.06379310344827586
13 0.7326923076923076 0.5758620689655173 0.03653846153846154 0.06896551724137931
4 0.5673076923076923 0.8741379310344828 0.035576923076923075 0.06379310344827586
6 0.7028846153846153 0.32068965517241377 0.03365384615384615 0.06551724137931035