1 0.14203333333333334 0.32685000000000003 0.17053333333333331 0.137025
4 0.43093333333333333 0.42145000000000005 0.1372 0.167925
14 0.2223 0.451875 0.2088 0.10375
11 0.8796666666666666 0.4621 0.19023333333333334 0.15335000000000001
0 0.6207333333333334 0.470225 0.18963333333333335 0.14045
9 0.5136333333333334 0.58045 0.17483333333333334 0.1401
5 0.2784666666666667 0.591925 0.1656 0.150525
3 0.7428 0.600475 0.26089999999999997 0.116775
12 0.36856666666666665 0.738425 0.24026666666666666 0.1477
8 0.6421666666666667 0.7413500000000001 0.21153333333333332 0.16185
7 0.5321333333333332 0.910975 0.3063 0.176125