14 0.27725 0.4026666666666667 0.159725 0.24533333333333332
11 0.5895750000000001 0.4166666666666667 0.097675 0.1711
3 0.68955 0.5180333333333333 0.133575 0.17830000000000001
8 0.455875 0.5242666666666667 0.13695000000000002 0.19073333333333334
0 0.102075 0.5469666666666667 0.16269999999999998 0.3161333333333333
2 0.580775 0.6327333333333333 0.143775 0.17656666666666665
5 0.32244999999999996 0.6845333333333333 0.16010000000000002 0.2224
7 0.705475 0.7154333333333334 0.153575 0.16416666666666666
4 0.563925 0.8337 0.1697 0.24073333333333333
13 0.701225 0.9148333333333333 0.133575 0.1674
1 0.70595 0.09366666666666668 0.1371 0.18736666666666668
6 0.5728 0.1886 0.120825 0.20386666666666667
9 0.418925 0.28819999999999996 0.13305 0.2075
10 0.6989 0.2970666666666667 0.153775 0.15413333333333334