10 0.32366666666666666 0.27265 0.16156666666666666 0.11197499999999999
1 0.10113333333333334 0.273075 0.14429999999999998 0.104475
13 0.9202666666666666 0.276 0.14363333333333334 0.101975
3 0.5057666666666666 0.2785 0.18193333333333334 0.09029999999999999
7 0.7225666666666667 0.28265 0.13716666666666666 0.09865
11 0.3908 0.374975 0.15693333333333334 0.1208
6 0.17026666666666665 0.37560000000000004 0.16590000000000002 0.10955
2 0.6236666666666667 0.381025 0.18376666666666666 0.128725
4 0.865 0.40270000000000006 0.17203333333333334 0.15539999999999998
9 0.2402 0.49920000000000003 0.23349999999999999 0.15255000000000002
8 0.4918666666666667 0.5017 0.19243333333333332 0.140875
5 0.6725666666666666 0.6413249999999999 0.2371666666666667 0.178475
14 0.36763333333333337 0.6569499999999999 0.2551 0.180575
0 0.4867666666666667 0.849725 0.3322333333333333 0.21195