3 0.5033000000000001 0.2564 0.19983333333333334 0.054450000000000005
15 0.24743333333333334 0.281 0.21466666666666667 0.162
4 0.6945 0.2937 0.15443333333333334 0.11657500000000001
1 0.0783 0.29455 0.1338 0.1516
10 0.8879999999999999 0.296425 0.1822 0.11782500000000001
12 0.5117666666666667 0.35895000000000005 0.20446666666666669 0.20955
11 0.3425 0.4052 0.12393333333333333 0.1104
2 0.6600666666666667 0.4152 0.11523333333333334 0.14707499999999998
6 0.1675 0.41645000000000004 0.21036666666666667 0.12457499999999999
4 0.8296666666666667 0.42667499999999997 0.2038 0.174175
8 0.5153333333333333 0.531475 0.26216666666666666 0.1213
9 0.23556666666666667 0.5394 0.21683333333333332 0.16215
14 0.37766666666666665 0.69135 0.29550000000000004 0.21184999999999998
5 0.6429333333333334 0.692375 0.2402333333333333 0.1931
0 0.5119333333333334 0.88995 0.2603333333333333 0.204875