10 0.8688666666666668 0.26682500000000003 0.16863333333333336 0.083625
4 0.7344666666666667 0.267225 0.08313333333333334 0.0928
1 0.0629 0.27537500000000004 0.12576666666666667 0.11322499999999999
12 0.5421666666666667 0.29600000000000004 0.2819333333333333 0.17535
11 0.3784666666666667 0.367275 0.1946 0.12619999999999998
4 0.8342999999999999 0.37560000000000004 0.21183333333333332 0.15955
6 0.1473 0.38415 0.24213333333333334 0.172475
2 0.6713333333333333 0.39645 0.11433333333333333 0.10122500000000001
8 0.5612999999999999 0.472725 0.21339999999999998 0.128775
14 0.2718333333333333 0.5067 0.2220666666666667 0.16754999999999998
5 0.7666999999999999 0.609225 0.27790000000000004 0.175975
14 0.4787666666666667 0.647775 0.2662 0.212225
0 0.6762666666666667 0.8311750000000001 0.2945666666666667 0.262375
15 0.24266666666666667 0.2289 0.27176666666666666 0.199475