0 0.7448 0.280575 0.20936666666666667 0.186175
1 0.12736666666666666 0.30017499999999997 0.15233333333333335 0.133675
3 0.5019 0.30245 0.16373333333333331 0.109075
11 0.39680000000000004 0.39145 0.19673333333333334 0.107875
2 0.6076 0.39645 0.1769666666666667 0.11789999999999999
6 0.19683333333333333 0.40852499999999997 0.18626666666666666 0.10707499999999999
12 0.7275 0.49315 0.25689999999999996 0.1613
8 0.4997333333333333 0.5044 0.18533333333333335 0.1188
15 0.26393333333333335 0.5192 0.20323333333333332 0.129225
14 0.3675 0.6536 0.23810000000000003 0.157225
5 0.6661 0.66445 0.2242 0.195575
9 0.5053 0.852025 0.26926666666666665 0.237375