7 0.7171666666666667 0.281825 0.16523333333333334 0.130325
6 0.09543333333333333 0.28350000000000003 0.173 0.13365
3 0.3713666666666667 0.32705 0.07916666666666666 0.0499
13 0.4926333333333333 0.34915 0.23839999999999997 0.15245
4 0.8390333333333334 0.406875 0.21823333333333333 0.1404
0 0.28540000000000004 0.412075 0.30293333333333333 0.186675
12 0.7573 0.5167 0.24053333333333332 0.154225
15 0.2252 0.533775 0.2202333333333333 0.1134
1 0.4975666666666667 0.54525 0.31926666666666664 0.207175
14 0.3156333333333333 0.662775 0.19923333333333335 0.1589
5 0.6434000000000001 0.669025 0.28683333333333333 0.16975
9 0.4784333333333333 0.8712000000000001 0.3489 0.242375
11 0.5122333333333333 0.247025 0.16033333333333333 0.056525