1 0.10393333333333334 0.257225 0.20786666666666667 0.12279999999999999
5 0.7222666666666667 0.265575 0.18963333333333335 0.122825
4 0.2960333333333333 0.26682500000000003 0.152 0.1003
9 0.9107 0.271825 0.1714 0.130325
14 0.48969999999999997 0.327675 0.2529 0.205375
7 0.3272333333333333 0.366025 0.11126666666666668 0.09202500000000001
8 0.6675 0.36955 0.09609999999999999 0.101625
3 0.16426666666666667 0.374975 0.2082 0.137475
0 0.8409333333333333 0.383525 0.22449999999999998 0.15039999999999998
2 0.25189999999999996 0.507725 0.24026666666666666 0.14880000000000002
11 0.4858666666666666 0.5169 0.26063333333333333 0.150475
15 0.7548333333333332 0.5219 0.28436666666666666 0.160475
13 0.6221 0.6688249999999999 0.26030000000000003 0.200175
10 0.35236666666666666 0.677375 0.28996666666666665 0.163075
6 0.47783333333333333 0.8672249999999999 0.3328333333333333 0.2303
12 0.5232 0.23305 0.1557 0.044425