12 0.4957333333333333 0.26035 0.15446666666666667 0.06655
1 0.11333333333333333 0.28015 0.17176666666666668 0.127
4 0.3025333333333334 0.2887 0.1736 0.08657500000000001
5 0.6793666666666667 0.307675 0.18036666666666668 0.11532500000000001
9 0.8708666666666667 0.32142499999999996 0.19053333333333333 0.134525
14 0.4850666666666667 0.36185 0.2665 0.173725
7 0.3383333333333333 0.391025 0.1193 0.11537499999999999
3 0.17523333333333332 0.39332500000000004 0.20356666666666667 0.140825
8 0.6418666666666667 0.39935000000000004 0.12143333333333334 0.1054
0 0.8096 0.424375 0.19640000000000002 0.112075
2 0.24760000000000001 0.5156499999999999 0.19276666666666667 0.156325
11 0.47413333333333335 0.527525 0.2236 0.1259
15 0.7112999999999999 0.54565 0.23746666666666666 0.14965
10 0.3476 0.682775 0.26496666666666663 0.1489
13 0.5881666666666666 0.68695 0.23746666666666666 0.173925
6 0.45899999999999996 0.862025 0.31 0.207375
12 0.2527 0.192825 0.09183333333333334 0.06855