13 0.714825 0.3522 0.153025 0.17553333333333332
7 0.43105 0.3757666666666667 0.1373 0.19599999999999998
10 0.576425 0.48156666666666664 0.12655 0.17650000000000002
2 0.293275 0.5180333333333333 0.148425 0.19606666666666667
4 0.7121500000000001 0.5618333333333334 0.11172499999999999 0.17253333333333332
9 0.45502499999999996 0.5918333333333333 0.115275 0.20143333333333333
1 0.597425 0.6556333333333333 0.100075 0.1557
4 0.13485 0.6703 0.174925 0.22949999999999998
6 0.7110500000000001 0.7194333333333334 0.121725 0.1455
3 0.31735 0.7372 0.136575 0.21666666666666667
12 0.47354999999999997 0.7921333333333332 0.09897500000000001 0.18866666666666668
5 0.5967 0.8345666666666667 0.0886 0.17136666666666667
14 0.708175 0.8806 0.10154999999999999 0.19673333333333334
11 0.7190000000000001 0.12013333333333333 0.12655 0.22696666666666668
15 0.5779 0.23416666666666666 0.14432499999999998 0.21946666666666667