4 0.29836666666666667 0.288075 0.19923333333333335 0.1512
1 0.09203333333333333 0.2985 0.17546666666666666 0.113675
12 0.49896666666666667 0.299325 0.18686666666666668 0.148675
9 0.9041666666666667 0.3035 0.19166666666666668 0.14035
5 0.6921666666666667 0.3085 0.20226666666666668 0.137025
5 0.7091333333333334 0.30955 0.21586666666666668 0.1316
7 0.36719999999999997 0.41832500000000006 0.16526666666666667 0.12415
3 0.17443333333333333 0.43125 0.2353333333333333 0.125
8 0.6099333333333333 0.4325 0.21556666666666668 0.1325
0 0.8233333333333334 0.436875 0.19486666666666666 0.12375
11 0.49139999999999995 0.561925 0.22790000000000002 0.15717499999999998
2 0.24266666666666667 0.564825 0.27176666666666666 0.16805
13 0.7242666666666667 0.580675 0.24609999999999999 0.153
15 0.6318333333333334 0.7328 0.27976666666666666 0.1656
10 0.3729 0.7344750000000001 0.2489 0.1356
6 0.4894 0.902025 0.2708 0.184075