9 0.3591666666666667 0.26747499999999996 0.2807 0.22242499999999998
4 0.5577666666666667 0.270175 0.15136666666666665 0.157
5 0.2084 0.285375 0.11993333333333332 0.149925
12 0.06673333333333333 0.30245 0.1224 0.15245
2 0.8774666666666667 0.38457500000000006 0.24506666666666665 0.18164999999999998
8 0.6344666666666666 0.39375 0.1881 0.149975
10 0.40236666666666665 0.44020000000000004 0.18563333333333332 0.120425
11 0.15516666666666665 0.4475 0.22640000000000002 0.18252500000000002
14 0.7906333333333333 0.484375 0.20843333333333333 0.0821
15 0.5225666666666667 0.5588000000000001 0.18716666666666668 0.16342500000000001
0 0.30746666666666667 0.59255 0.2372 0.165975
3 0.7218 0.595475 0.2856 0.220125
13 0.6968 0.73175 0.23189999999999997 0.13435
6 0.45853333333333335 0.736775 0.2202 0.1777
7 0.6199666666666667 0.9028499999999999 0.2819 0.172375
1 0.9027666666666666 0.2191 0.19446666666666668 0.15905