9 0.6497666666666667 0.25184999999999996 0.3117333333333333 0.21137499999999998
1 0.9440666666666667 0.3403 0.10206666666666667 0.12675
11 0.27453333333333335 0.37355 0.28036666666666665 0.2202
10 0.5205666666666666 0.425875 0.2311 0.143275
8 0.7522 0.43605 0.20263333333333333 0.156725
2 0.9283 0.47605 0.14343333333333333 0.1444
14 0.8307 0.547575 0.15733333333333335 0.0721
0 0.36956666666666665 0.56065 0.2658666666666667 0.17515
15 0.6046 0.587375 0.2106 0.17704999999999999
3 0.8284 0.664475 0.30546666666666666 0.22895
6 0.46046666666666664 0.7442749999999999 0.25560000000000005 0.1924
13 0.6960666666666666 0.763125 0.21913333333333332 0.160875
7 0.5485 0.910225 0.2949333333333333 0.17427499999999999
12 0.1714 0.15992499999999998 0.24333333333333335 0.21987500000000001
5 0.41373333333333334 0.20782499999999998 0.20943333333333333 0.15795