1 0.8981999999999999 0.297625 0.20176666666666668 0.156775
10 0.5772666666666667 0.33395 0.12169999999999999 0.10252499999999999
3 0.2507666666666667 0.364525 0.12453333333333333 0.167525
9 0.4031666666666667 0.38895 0.2385 0.17405
12 0.0847 0.39375 0.16943333333333332 0.133675
10 0.5378000000000001 0.404925 0.018766666666666668 0.009825
2 0.8546333333333332 0.45145 0.19323333333333334 0.14135
8 0.6533333333333333 0.46990000000000004 0.173 0.1321
10 0.41756666666666664 0.5196999999999999 0.16983333333333334 0.0971
11 0.21530000000000002 0.527775 0.1875 0.14554999999999998
14 0.7561666666666667 0.556225 0.19863333333333336 0.10092499999999999
15 0.5393666666666667 0.6191 0.1536 0.138225
0 0.3459 0.6491 0.1895 0.136675
3 0.7140333333333334 0.68045 0.2311 0.184725
13 0.6724333333333333 0.770425 0.1787 0.090875
6 0.4869333333333334 0.7764 0.2026 0.1374
7 0.6173 0.8952249999999999 0.22910000000000003 0.151975