0 0.317275 0.3509 0.1716 0.19590000000000002
10 0.51115 0.3681333333333333 0.1613 0.15196666666666667
4 0.6859000000000001 0.41616666666666663 0.17782499999999998 0.18136666666666665
6 0.21685 0.5526333333333333 0.18252500000000002 0.24719999999999998
8 0.62635 0.5624333333333333 0.14825 0.21503333333333335
12 0.48435 0.05976666666666666 0.13025 0.11953333333333332
3 0.44577500000000003 0.6451666666666667 0.24627500000000002 0.34126666666666666
1 0.929375 0.7817999999999999 0.13697499999999999 0.2969333333333333
2 0.750525 0.7931666666666666 0.18125 0.2647666666666667
14 0.573225 0.7932 0.15380000000000002 0.27103333333333335
13 0.29685 0.8174666666666667 0.184975 0.3134
7 0.09895 0.8286666666666667 0.19185 0.2973
11 0.41407499999999997 0.18993333333333332 0.1564 0.17593333333333333
9 0.6319 0.19599999999999998 0.1989 0.23906666666666665