1 0.11966666666666666 0.29267499999999996 0.1937 0.11865
4 0.31393333333333334 0.295775 0.19396666666666665 0.09574999999999999
12 0.513 0.296625 0.21063333333333334 0.127425
5 0.7014333333333334 0.30205 0.18806666666666666 0.11657500000000001
9 0.8895333333333334 0.30705 0.20503333333333332 0.1266
3 0.18233333333333335 0.4129 0.20663333333333334 0.13165
8 0.6040666666666666 0.424375 0.20566666666666666 0.142075
0 0.8154666666666667 0.42855 0.20196666666666668 0.12375
11 0.5344666666666666 0.5292 0.16340000000000002 0.17925000000000002
2 0.18276666666666666 0.54275 0.10203333333333334 0.13547499999999998
13 0.7176333333333333 0.549625 0.23776666666666665 0.16175
14 0.3621 0.56255 0.2662 0.2126
15 0.6301333333333333 0.712375 0.2313 0.18309999999999998
10 0.3668666666666667 0.72155 0.20909999999999998 0.13475
6 0.4736666666666666 0.885575 0.28933333333333333 0.21697500000000003