14 0.563275 0.3818666666666667 0.13255 0.1559
12 0.27265 0.415 0.144125 0.2339
0 0.43377499999999997 0.4799 0.14905 0.11666666666666667
13 0.662775 0.5036 0.192025 0.20723333333333335
7 0.485325 0.6490666666666667 0.1832 0.24873333333333336
3 0.2858 0.6602666666666667 0.17045000000000002 0.25776666666666664
15 0.6171 0.6706666666666666 0.068325 0.1021
9 0.7318250000000001 0.7271 0.163775 0.19933333333333333
8 0.42542499999999994 0.7900333333333333 0.1291 0.1330333333333333
2 0.592425 0.8584666666666667 0.15885 0.18753333333333333
6 0.7078749999999999 0.0868 0.120125 0.16576666666666665
1 0.7463500000000001 0.9141333333333334 0.155275 0.1671
11 0.5653 0.17756666666666668 0.15592499999999998 0.20693333333333333
5 0.712775 0.27776666666666666 0.149225 0.21043333333333333
10 0.429275 0.2848333333333333 0.139725 0.22453333333333333