12 0.608775 0.04643333333333333 0.11932499999999999 0.09286666666666667
6 0.214975 0.4799 0.2229 0.27349999999999997
0 0.40435000000000004 0.5269333333333334 0.141525 0.21073333333333333
7 0.6069749999999999 0.5726 0.2716 0.3922666666666667
9 0.84425 0.6247666666666667 0.19515000000000002 0.2503
3 0.2841 0.7955333333333333 0.26995 0.34790000000000004
2 0.761725 0.8582666666666667 0.184025 0.2694666666666667
8 0.528375 0.8688333333333332 0.202325 0.23263333333333336
1 0.92985 0.8878666666666667 0.122275 0.2071
11 0.48442500000000005 0.1264 0.152975 0.1900666666666667
5 0.6524 0.15446666666666667 0.157875 0.10890000000000001
10 0.357625 0.285 0.164075 0.19593333333333335
13 0.7278249999999999 0.31206666666666666 0.25642499999999996 0.2516
14 0.5386 0.3228666666666667 0.1247 0.13590000000000002