6 0.28647500000000004 0.3612666666666666 0.1188 0.21276666666666666
0 0.4202 0.42266666666666663 0.109825 0.0806
13 0.574875 0.4630333333333333 0.18255 0.21626666666666666
4 0.710725 0.48636666666666667 0.10755 0.20409999999999998
3 0.27405 0.5655666666666667 0.1322 0.19623333333333332
9 0.6773250000000001 0.7024 0.165225 0.20479999999999998
8 0.3886 0.7145666666666667 0.113575 0.11150000000000002
2 0.52625 0.7904333333333333 0.14252499999999999 0.18243333333333334
12 0.7075499999999999 0.08093333333333334 0.1551 0.1618666666666667
1 0.67815 0.9118 0.1613 0.15926666666666667
11 0.546925 0.15953333333333333 0.1309 0.20536666666666667
5 0.6970999999999999 0.26463333333333333 0.166875 0.21159999999999998
10 0.4211 0.2654 0.12405 0.1975
14 0.548975 0.3232666666666667 0.10625 0.06613333333333334