14 0.5555749999999999 0.39246666666666663 0.10215 0.2006
6 0.162025 0.47086666666666666 0.143475 0.1692
0 0.314575 0.4777333333333333 0.17697500000000002 0.21819999999999998
7 0.44145 0.48379999999999995 0.097075 0.18723333333333333
4 0.68565 0.4942 0.148575 0.20409999999999998
15 0.5478999999999999 0.5959666666666666 0.142675 0.1919
3 0.29462499999999997 0.6292666666666666 0.1528 0.10329999999999999
8 0.4207 0.6924 0.122575 0.21853333333333333
9 0.6840999999999999 0.7088666666666666 0.160825 0.20756666666666668
2 0.543825 0.8104333333333333 0.1417 0.1895
1 0.6743000000000001 0.9053333333333334 0.15985 0.18159999999999998
12 0.6960250000000001 0.1076 0.1484 0.1838
11 0.56285 0.18896666666666667 0.151675 0.1936
10 0.43402500000000005 0.2830666666666667 0.127975 0.17786666666666667
5 0.6904 0.3009 0.150525 0.17983333333333335
13 0.30615 0.3317 0.1412 0.0869