15 0.48222499999999996 0.3591333333333333 0.18255 0.18883333333333333
4 0.300925 0.40263333333333334 0.16537500000000002 0.2053
0 0.716375 0.4849666666666667 0.261 0.3229
3 0.847675 0.4920333333333334 0.08992499999999999 0.2429
7 0.5605749999999999 0.5446 0.14252499999999999 0.2225
14 0.40240000000000004 0.5761666666666666 0.1752 0.23776666666666665
5 0.20679999999999998 0.6006666666666667 0.1889 0.27973333333333333
1 0.443825 0.0723 0.133525 0.1446
6 0.91565 0.7041666666666667 0.16215 0.2828333333333333
13 0.730675 0.7700333333333333 0.22552499999999998 0.24203333333333332
10 0.515625 0.7708333333333334 0.204925 0.30006666666666665
11 0.31170000000000003 0.8324 0.217025 0.28986666666666666
12 0.11382500000000001 0.8718 0.19412500000000002 0.24553333333333333
2 0.5367999999999999 0.17073333333333332 0.142025 0.14536666666666667
9 0.37315 0.21033333333333334 0.144475 0.16966666666666666
8 0.64645 0.29660000000000003 0.15837500000000002 0.16963333333333333