12 0.6095 0.03663333333333334 0.13385 0.0654
7 0.460075 0.39343333333333336 0.1033 0.21430000000000002
15 0.60305 0.4603 0.192525 0.2186
6 0.077425 0.4824333333333333 0.15485 0.2715333333333333
9 0.79545 0.5124333333333333 0.203475 0.18956666666666666
3 0.266775 0.5885 0.20165 0.23189999999999997
8 0.46954999999999997 0.6483 0.19872499999999998 0.30050000000000004
2 0.676575 0.7273 0.21245 0.3369333333333333
1 0.8845999999999999 0.7884666666666666 0.20365 0.28673333333333334
11 0.5040250000000001 0.0976 0.157225 0.1599
5 0.662525 0.14270000000000002 0.15592499999999998 0.15753333333333333
10 0.40345 0.1966 0.09985 0.16573333333333332
14 0.545875 0.2507 0.13075 0.1328
0 0.29545 0.3109 0.22665 0.3041333333333333