5 0.7399 0.33640000000000003 0.168175 0.20296666666666666
6 0.3068 0.38853333333333334 0.17877500000000002 0.2429333333333333
14 0.6042000000000001 0.43439999999999995 0.165075 0.2139
3 0.12077500000000001 0.4951666666666667 0.18710000000000002 0.29623333333333335
7 0.44725000000000004 0.5322333333333333 0.16785 0.19390000000000002
4 0.7377750000000001 0.5565333333333333 0.17015 0.22053333333333333
13 0.283275 0.6377 0.1778 0.20876666666666668
15 0.58875 0.6606333333333333 0.163925 0.23503333333333334
8 0.43090000000000006 0.7757333333333333 0.17765 0.2808666666666667
9 0.7377750000000001 0.7863 0.156425 0.2157666666666667
2 0.579525 0.8831333333333333 0.184675 0.23373333333333335
1 0.7300249999999999 0.9513666666666668 0.18337499999999998 0.09726666666666667
12 0.74505 0.11543333333333335 0.148725 0.1995
11 0.606825 0.20226666666666668 0.152975 0.2202333333333333
10 0.45625 0.3003 0.156725 0.21236666666666668