14 0.6308250000000001 0.3732333333333333 0.146125 0.20136666666666667
6 0.36685 0.4299 0.170775 0.23233333333333334
4 0.771775 0.4606666666666666 0.15935 0.21153333333333332
7 0.513925 0.5053666666666667 0.162625 0.2068333333333333
15 0.6614749999999999 0.5626333333333333 0.1649 0.22719999999999999
3 0.22142499999999998 0.5806666666666667 0.191675 0.2632666666666667
9 0.8111499999999999 0.6518333333333334 0.15837500000000002 0.2213
13 0.39292499999999997 0.6553666666666668 0.16670000000000001 0.2362
12 0.70395 0.07153333333333334 0.148575 0.14303333333333332
8 0.5479999999999999 0.7359333333333333 0.169975 0.27576666666666666
2 0.70125 0.8175 0.15395 0.26633333333333337
1 0.84725 0.8766999999999999 0.17079999999999998 0.22006666666666666
11 0.5922 0.1823 0.163925 0.1881
5 0.73745 0.25206666666666666 0.16165 0.21786666666666665
10 0.48564999999999997 0.2958 0.15967499999999998 0.23079999999999998