14 0.5069 0.38303333333333334 0.14005 0.19746666666666668
6 0.23107500000000003 0.3918666666666667 0.160975 0.23
4 0.6515000000000001 0.4812666666666667 0.1734 0.19546666666666668
3 0.086 0.4981333333333333 0.172 0.2589666666666667
7 0.37200000000000005 0.5055666666666666 0.1582 0.2346666666666667
15 0.511625 0.5898666666666667 0.162625 0.22290000000000001
13 0.22394999999999998 0.6145666666666667 0.177475 0.23306666666666667
9 0.660825 0.6812333333333334 0.173075 0.2252
8 0.368075 0.7249333333333333 0.159175 0.25383333333333336
12 0.6359 0.08486666666666667 0.172575 0.1697
2 0.5149 0.8371 0.174375 0.2585
1 0.6688249999999999 0.9015666666666667 0.173075 0.19686666666666666
11 0.50125 0.1658 0.15132500000000002 0.2336
5 0.6413 0.2697333333333333 0.1641 0.22963333333333333
10 0.369625 0.2744333333333333 0.146925 0.20766666666666667