3 0.20746666666666666 0.32030000000000003 0.22310000000000002 0.11752499999999999
8 0.7271333333333333 0.32185 0.09323333333333333 0.10522500000000001
0 0.8952333333333333 0.329725 0.20376666666666668 0.086375
14 0.5252666666666667 0.3728 0.30946666666666667 0.23405
13 0.8392333333333334 0.43222499999999997 0.224 0.10289999999999999
2 0.29363333333333336 0.45567500000000005 0.15446666666666667 0.126725
11 0.6687000000000001 0.470675 0.11030000000000001 0.07212500000000001
15 0.7979333333333333 0.5729500000000001 0.2627333333333333 0.1536
10 0.5126000000000001 0.60295 0.24706666666666668 0.152075
6 0.7198666666666667 0.785425 0.3351 0.270075
1 0.12510000000000002 0.1961 0.21226666666666666 0.0922
4 0.33453333333333335 0.214175 0.16443333333333332 0.0745
3 0.7248333333333333 0.23782499999999998 0.1616 0.079475
9 0.8996333333333333 0.2457 0.15903333333333333 0.06065