14 0.644875 0.3548 0.152325 0.23823333333333332
7 0.498325 0.45870000000000005 0.182375 0.2782
6 0.7984 0.45909999999999995 0.172425 0.22410000000000002
3 0.138575 0.4826333333333333 0.22010000000000002 0.3025
15 0.656725 0.584 0.167525 0.21896666666666667
13 0.32805 0.6285000000000001 0.1889 0.3118666666666667
12 0.7585250000000001 0.06996666666666666 0.167525 0.1399
9 0.809025 0.7085 0.164925 0.22089999999999999
8 0.50215 0.7441666666666666 0.16785 0.2938
2 0.6672750000000001 0.8449333333333333 0.1716 0.28986666666666666
1 0.823 0.9139333333333334 0.20102499999999998 0.1612333333333333
11 0.629275 0.12776666666666667 0.1698 0.21243333333333334
10 0.48705 0.22560000000000002 0.1729 0.2394666666666667
5 0.7734749999999999 0.22680000000000003 0.1628 0.2214
6 0.3323 0.3218666666666667 0.19872499999999998 0.29469999999999996