15 0.66875 0.42263333333333336 0.18239999999999998 0.22176666666666667
5 0.364075 0.48146666666666665 0.17405 0.24213333333333334
8 0.827325 0.5153666666666668 0.190075 0.22446666666666668
14 0.5336 0.564 0.16670000000000001 0.20876666666666668
12 0.21137499999999998 0.6394666666666666 0.19805 0.28676666666666667
7 0.6816500000000001 0.6502666666666667 0.1726 0.20246666666666668
11 0.40092500000000003 0.7161333333333334 0.171275 0.24636666666666665
13 0.845475 0.7243666666666667 0.169825 0.20166666666666666
10 0.55615 0.7822 0.15134999999999998 0.21146666666666666
6 0.70125 0.8512000000000001 0.1654 0.224
3 0.8375499999999999 0.9127333333333333 0.17195 0.17450000000000002
9 0.652975 0.17463333333333333 0.19105 0.263
2 0.8249500000000001 0.27463333333333334 0.18795 0.26689999999999997
4 0.50885 0.3332333333333333 0.177325 0.26256666666666667