15 0.5783 0.35873333333333335 0.15737500000000001 0.1018
4 0.25525 0.41126666666666667 0.1858 0.22253333333333336
13 0.5499499999999999 0.5306666666666666 0.204925 0.26916666666666667
3 0.09630000000000001 0.5375333333333333 0.19260000000000002 0.3025
8 0.39545 0.5475333333333333 0.1456 0.21663333333333332
0 0.7236499999999999 0.5477333333333333 0.1458 0.21936666666666668
7 0.25337499999999996 0.6716333333333334 0.1827 0.26636666666666664
10 0.577075 0.7157333333333333 0.13695000000000002 0.10913333333333335
2 0.72055 0.7717999999999999 0.18175 0.21030000000000001
6 0.423075 0.7806333333333333 0.1796 0.2553666666666667
14 0.573225 0.8931333333333333 0.16065000000000002 0.21373333333333336
14 0.72815 0.9362999999999999 0.16425 0.11966666666666666
9 0.7132 0.10916666666666666 0.16670000000000001 0.2183
5 0.569975 0.2017 0.17177499999999998 0.2465333333333333
12 0.419475 0.30343333333333333 0.16162500000000002 0.22806666666666667
11 0.717925 0.32343333333333335 0.168675 0.21316666666666667