7 0.48913333333333336 0.306275 0.16616666666666668 0.12714999999999999
4 0.3809666666666667 0.49182499999999996 0.1652 0.14055
1 0.5522 0.54855 0.2 0.13785
6 0.23996666666666666 0.570075 0.22163333333333332 0.14707499999999998
15 0.5278666666666667 0.068025 0.14616666666666667 0.12375
5 0.5762999999999999 0.6962 0.1764 0.1378
9 0.38506666666666667 0.698325 0.19390000000000002 0.145875
3 0.7916666666666666 0.7539 0.21736666666666665 0.160875
8 0.37043333333333334 0.078025 0.1493 0.113
10 0.20023333333333335 0.8063750000000001 0.17806666666666668 0.185075
12 0.6055333333333334 0.849075 0.19590000000000002 0.185825
11 0.39453333333333335 0.88715 0.20773333333333333 0.18350000000000002
0 0.8201 0.91655 0.23836666666666667 0.16690000000000002
14 0.07640000000000001 0.09609999999999999 0.13043333333333335 0.0953
2 0.2361 0.1188 0.1473 0.1176
13 0.12586666666666665 0.18995 0.1627 0.113725