3 0.8247333333333333 0.27454999999999996 0.21683333333333332 0.144475
11 0.6196333333333333 0.28895 0.2087 0.146375
4 0.4055666666666667 0.3055 0.2185 0.141
6 0.1733 0.314525 0.23189999999999997 0.147525
9 0.8696 0.417025 0.20913333333333334 0.14865
12 0.6552666666666667 0.4376 0.21123333333333333 0.16287500000000002
13 0.44070000000000004 0.45027500000000004 0.2385 0.165175
0 0.19943333333333332 0.475675 0.25343333333333334 0.1698
7 0.9056000000000001 0.575275 0.1888 0.1613
5 0.7221666666666667 0.61525 0.23736666666666664 0.195125
10 0.4781333333333333 0.621225 0.24156666666666665 0.17704999999999999
1 0.21096666666666666 0.6766 0.27136666666666664 0.19857500000000003
15 0.7791 0.139375 0.21786666666666665 0.131825
8 0.5829666666666666 0.159175 0.19590000000000002 0.1445
14 0.14176666666666668 0.1613 0.20473333333333335 0.13720000000000002
2 0.36223333333333335 0.161475 0.21493333333333334 0.133725