10 0.49465000000000003 0.3854 0.19704999999999998 0.25233333333333335
5 0.8013750000000001 0.49066666666666664 0.21637499999999998 0.25506666666666666
12 0.20955 0.4975333333333333 0.21215 0.23819999999999997
4 0.3329 0.06760000000000001 0.19122499999999998 0.12266666666666666
7 0.703 0.7132000000000001 0.222575 0.2805
2 0.11044999999999999 0.7531666666666667 0.201 0.2977333333333333
11 0.32115000000000005 0.8067 0.19592500000000002 0.3224
3 0.5108250000000001 0.8658999999999999 0.195275 0.2604333333333333
6 0.7046250000000001 0.9188333333333333 0.19344999999999998 0.16236666666666666
1 0.50775 0.14443333333333333 0.18735 0.24496666666666664
8 0.688875 0.18346666666666667 0.170825 0.26416666666666666
9 0.857525 0.2466 0.1934 0.2571
13 0.2788 0.2546333333333333 0.19125 0.23786666666666667