0 0.6627 0.276475 0.1512666666666667 0.0791
1 0.8544666666666666 0.2805 0.19426666666666667 0.0987
8 0.4976 0.282825 0.17386666666666664 0.07255
14 0.28173333333333334 0.33415 0.2488 0.163675
5 0.7785666666666666 0.395875 0.2271 0.175575
11 0.5396333333333333 0.40604999999999997 0.22103333333333333 0.176725
15 0.2038 0.4622 0.216 0.135175
6 0.7591 0.53565 0.20863333333333334 0.13285
3 0.5562999999999999 0.5568 0.2082 0.1244
7 0.33430000000000004 0.593925 0.2298 0.179375
9 0.6947333333333333 0.6790999999999999 0.23893333333333336 0.16897500000000001
2 0.6101333333333333 0.8482999999999999 0.30560000000000004 0.23045000000000002