13 0.30779411764705883 0.2488235294117647 0.09756535947712418 0.08676470588235294
4 0.5634967320261438 0.25995098039215686 0.12769607843137257 0.06448529411764706
11 0.6940196078431373 0.2945098039215686 0.1183986928104575 0.13806372549019608
10 0.43000000000000005 0.31835784313725485 0.1072875816993464 0.08323529411764706
3 0.5606699346405228 0.3555882352941177 0.14284313725490197 0.16218137254901963
12 0.2947222222222222 0.3970343137254902 0.13084967320261437 0.0757107843137255
1 0.4334150326797386 0.43338235294117644 0.12897058823529414 0.17068627450980392
7 0.2815032679738562 0.5122794117647058 0.15490196078431373 0.1591421568627451
0 0.6640032679738562 0.6453676470588235 0.21879084967320261 0.296078431372549
8 0.43697712418300655 0.16480392156862744 0.08857843137254902 0.11926470588235294
9 0.6840686274509804 0.17772058823529413 0.10741830065359476 0.10053921568627451
1 0.5574019607843137 0.18463235294117647 0.10660130718954247 0.06534313725490196
6 0.8187581699346405 0.21718137254901962 0.13019607843137257 0.17502450980392156