2 0.6255718954248366 0.26685503685503686 0.10330065359477124 0.09503685503685504
8 0.39704248366013073 0.29368550368550367 0.06632352941176471 0.20230958230958232
3 0.4904411764705882 0.3625061425061425 0.12418300653594772 0.21486486486486486
1 0.5906699346405229 0.4103194103194103 0.14934640522875817 0.23007371007371008
0 0.45388888888888884 0.6672972972972973 0.18776143790849673 0.3062162162162162
4 0.6181372549019608 0.10933660933660934 0.09439542483660131 0.08823095823095822
11 0.7283333333333334 0.11201474201474203 0.09490196078431372 0.11147420147420146
10 0.5112254901960784 0.11314496314496314 0.0944607843137255 0.07348894348894348
5 0.3952614379084967 0.12253071253071253 0.07939542483660131 0.06545454545454546
15 0.5924509803921568 0.16609336609336608 0.1053921568627451 0.0856019656019656
9 0.2736437908496732 0.17302211302211304 0.09462418300653594 0.15754299754299755
13 0.4660947712418301 0.17928746928746928 0.07549019607843138 0.09855036855036856
12 0.6699673202614379 0.2128009828009828 0.1 0.10304668304668305
14 0.5416666666666666 0.23714987714987715 0.06919934640522876 0.11154791154791155
6 0.3348202614379085 0.24363636363636362 0.0743954248366013 0.1557985257985258