15 0.49151960784313725 0.5572222222222222 0.1083169934640523 0.06774509803921569
10 0.43714052287581695 0.5826633986928104 0.09763071895424837 0.07663398692810457
9 0.5645588235294118 0.599248366013072 0.10034313725490196 0.0584313725490196
6 0.618218954248366 0.6356699346405228 0.1049673202614379 0.07527777777777778
5 0.36341503267973857 0.6398856209150326 0.09954248366013072 0.07434640522875817
7 0.548218954248366 0.6816666666666666 0.11434640522875818 0.06923202614379084
8 0.6842647058823529 0.6851797385620915 0.1109967320261438 0.06222222222222222
11 0.2784640522875817 0.6886764705882353 0.09772875816993465 0.07390522875816993
1 0.4373856209150327 0.6940522875816993 0.11209150326797385 0.07063725490196078
13 0.6312908496732027 0.7699509803921568 0.13109477124183008 0.1243954248366013
2 0.7731535947712419 0.7729901960784313 0.1533986928104575 0.14447712418300654
4 0.4952450980392156 0.7776633986928104 0.13073529411764706 0.13513071895424836
3 0.21312091503267974 0.7797549019607842 0.15377450980392157 0.1346732026143791
12 0.36550653594771243 0.7902614379084967 0.13640522875816993 0.15101307189542484