15 0.5734477124183006 0.26375 0.09116013071895425 0.08544117647058823
9 0.6779901960784314 0.26620098039215684 0.09820261437908497 0.09480392156862745
8 0.4567320261437908 0.2668627450980392 0.08944444444444445 0.08276960784313726
5 0.362140522875817 0.27691176470588236 0.09338235294117647 0.0805392156862745
6 0.799607843137255 0.29205882352941176 0.09485294117647058 0.14651960784313725
14 0.4650490196078432 0.3348529411764706 0.07044117647058823 0.07166666666666666
13 0.3573856209150327 0.33931372549019606 0.10763071895424837 0.06274509803921569
4 0.5798366013071896 0.3408823529411765 0.09501633986928104 0.10600490196078431
11 0.700702614379085 0.36806372549019606 0.11691176470588235 0.11580882352941177
10 0.4738071895424837 0.39502450980392156 0.0909313725490196 0.09399509803921569
3 0.5833986928104575 0.4391666666666667 0.10214052287581699 0.15553921568627452
12 0.35308823529411765 0.48598039215686273 0.10199346405228758 0.09762254901960783
1 0.47944444444444445 0.5058088235294118 0.12003267973856208 0.1506862745098039
7 0.36094771241830065 0.5831617647058823 0.11475490196078432 0.14938725490196078
0 0.676781045751634 0.6970588235294117 0.1671078431372549 0.2568872549019608