2 0.11636666666666666 0.250625 0.16996666666666668 0.10942500000000001
9 0.6331666666666667 0.264275 0.2217 0.17309999999999998
6 0.32176666666666665 0.28405 0.1565 0.14445
10 0.864 0.286775 0.21063333333333334 0.1681
1 0.16213333333333332 0.345425 0.19476666666666667 0.14905
15 0.45896666666666663 0.409325 0.2551333333333334 0.19954999999999998
8 0.6480333333333334 0.41885 0.12416666666666666 0.1368
13 0.801 0.43567500000000003 0.18159999999999998 0.143175
3 0.21633333333333335 0.483425 0.23653333333333332 0.17504999999999998
14 0.6980000000000001 0.578 0.21803333333333333 0.182375
0 0.4399 0.593025 0.28363333333333335 0.20329999999999998
12 0.4217 0.808775 0.36846666666666666 0.24844999999999998