7 0.497859477124183 0.4788480392156863 0.0736764705882353 0.0833578431372549
11 0.5712254901960784 0.5216421568627452 0.08372549019607843 0.07980392156862745
1 0.43104575163398695 0.5325490196078432 0.0648202614379085 0.09720588235294117
12 0.6405718954248365 0.5566176470588236 0.08279411764705882 0.07404411764705883
10 0.3600653594771242 0.5604166666666667 0.0832843137254902 0.07715686274509805
2 0.7159967320261438 0.6127941176470588 0.12669934640522876 0.07941176470588235
13 0.2789705882352941 0.6205882352941177 0.12906862745098038 0.09948529411764706
15 0.5752287581699347 0.6257107843137255 0.10660130718954247 0.09637254901960784
4 0.42243464052287577 0.6324019607843137 0.08918300653594771 0.08299019607843137
3 0.8266176470588235 0.7325245098039216 0.14295751633986928 0.27875
6 0.18794117647058822 0.7461029411764707 0.16387254901960785 0.2658333333333333
5 0.6675816993464052 0.7465441176470587 0.16651960784313724 0.2578186274509804
8 0.3465359477124183 0.7494607843137254 0.16021241830065358 0.27698529411764705
9 0.5049836601307189 0.7561274509803921 0.1592156862745098 0.2529166666666667