5 0.5480555555555556 0.24659313725490195 0.09681372549019608 0.1090686274509804
8 0.21083333333333334 0.2648774509803921 0.08486928104575163 0.11887254901960784
2 0.7183823529411765 0.27870098039215685 0.060163398692810455 0.11977941176470587
10 0.42687908496732024 0.30409313725490195 0.11589869281045753 0.11534313725490197
7 0.09870915032679738 0.34110294117647055 0.10722222222222223 0.1376470588235294
13 0.8858823529411765 0.3703186274509804 0.08619281045751634 0.1648529411764706
3 0.22893790849673204 0.405735294117647 0.10326797385620916 0.15105392156862746
0 0.4074183006535948 0.5575245098039215 0.12155228758169935 0.16497549019607843
4 0.5415196078431372 0.12845588235294117 0.07187908496732026 0.09561274509803921
14 0.2112745098039216 0.16100490196078432 0.08872549019607842 0.09830882352941177
6 0.6913562091503268 0.17394607843137255 0.07147058823529412 0.11524509803921569
9 0.08148692810457515 0.1973529411764706 0.08465686274509804 0.12196078431372548
11 0.35367647058823526 0.21450980392156863 0.0794281045751634 0.11617647058823528