11 0.6895333333333333 0.285625 0.1526 0.1158
10 0.3293333333333333 0.312025 0.2625 0.2195
7 0.8912666666666667 0.31495 0.18033333333333335 0.11537499999999999
1 0.1188 0.33677500000000005 0.22323333333333334 0.122675
8 0.6007666666666667 0.37975000000000003 0.1993 0.131325
13 0.801 0.41090000000000004 0.20583333333333334 0.152725
9 0.1812 0.443425 0.2632 0.16774999999999998
15 0.45716666666666667 0.47365 0.23939999999999997 0.15095
3 0.2539 0.60165 0.3116333333333333 0.2115
0 0.5983 0.623025 0.2914 0.20877500000000002
12 0.3929333333333333 0.8140000000000001 0.35333333333333333 0.28165
14 0.14636666666666664 0.15992499999999998 0.21656666666666666 0.178025