10 0.443218954248366 0.25533007334963326 0.083218954248366 0.1052322738386308
2 0.34431372549019607 0.2775550122249389 0.09338235294117647 0.09635696821515892
3 0.7078267973856209 0.3113691931540342 0.09552287581699347 0.16396088019559904
1 0.6050816993464052 0.33293398533007335 0.09202614379084967 0.14931540342298288
8 0.5072222222222222 0.35760391198044006 0.09535947712418301 0.1497799511002445
7 0.40965686274509805 0.3851833740831296 0.09334967320261438 0.1693643031784841
11 0.3064542483660131 0.4040831295843521 0.10975490196078432 0.1671393643031785
9 0.446781045751634 0.04454767726161369 0.09034313725490196 0.08909535452322738
0 0.21630718954248365 0.7224938875305623 0.15467320261437909 0.21713936430317848
15 0.4991993464052287 0.09056234718826406 0.08526143790849673 0.08244498777506112
4 0.4147058823529412 0.09613691931540343 0.07374183006535948 0.10691931540342298
13 0.5658823529411765 0.14904645476772616 0.08491830065359476 0.0971638141809291
5 0.4742483660130719 0.173520782396088 0.08290849673202615 0.10163814180929095
12 0.375359477124183 0.18951100244498778 0.08119281045751633 0.09809290953545231
6 0.6273529411764706 0.21464547677261614 0.10686274509803922 0.11188264058679706
14 0.5364705882352941 0.22753056234718827 0.07959150326797386 0.10743276283618582