14 0.5046895424836602 0.2599754901960784 0.14080065359477126 0.18931372549019607
13 0.19923202614379087 0.2724754901960784 0.11516339869281046 0.26776960784313725
3 0.3324346405228758 0.3662990196078431 0.15279411764705883 0.2727205882352941
6 0.6525816993464052 0.377671568627451 0.16326797385620914 0.2286029411764706
15 0.39763071895424834 0.04443627450980392 0.10790849673202615 0.08887254901960784
8 0.4778104575163399 0.47887254901960785 0.1826797385620915 0.29732843137254905
1 0.6460457516339869 0.6253186274509804 0.2096078431372549 0.33620098039215685
4 0.6597222222222222 0.07808823529411764 0.11812091503267975 0.128578431372549
7 0.25893790849673204 0.10686274509803922 0.1097875816993464 0.1816421568627451
11 0.5201307189542483 0.11286764705882352 0.13602941176470587 0.14463235294117646
12 0.09766339869281046 0.16995098039215686 0.13781045751633988 0.2409558823529412
10 0.37846405228758173 0.17127450980392156 0.10821895424836601 0.14556372549019608
2 0.6634313725490196 0.21696078431372548 0.14633986928104575 0.14335784313725491