6 0.33843333333333336 0.287225 0.09893333333333333 0.08717499999999999
5 0.4999 0.297 0.17333333333333334 0.111275
11 0.7104333333333334 0.30427499999999996 0.13986666666666667 0.08945
7 0.9066000000000001 0.31495 0.18676666666666666 0.11537499999999999
14 0.39326666666666665 0.38292499999999996 0.154 0.092225
4 0.6089333333333333 0.3909 0.1975 0.1127
9 0.16696666666666668 0.39225 0.2287 0.12452500000000001
13 0.8409666666666666 0.397025 0.2131 0.129525
1 0.21753333333333336 0.492525 0.2632 0.15685000000000002
8 0.4865333333333334 0.49707500000000004 0.21939999999999998 0.147775
10 0.7419333333333333 0.5273 0.20286666666666667 0.185525
3 0.329 0.6362 0.3406666666666667 0.18969999999999998
12 0.4501666666666667 0.8472 0.3890333333333333 0.291675
0 0.16906666666666667 0.22699999999999998 0.2147666666666667 0.18942499999999998