0 0.871593137254902 0.22892156862745097 0.1860294117647059 0.11143790849673203
9 0.6031372549019608 0.39540849673202616 0.14629901960784314 0.10361111111111111
2 0.6818872549019608 0.4895098039215686 0.1847549019607843 0.10973856209150326
7 0.5233333333333333 0.5000163398692811 0.1547549019607843 0.08872549019607842
13 0.7925 0.56890522875817 0.18188725490196078 0.10044117647058823
14 0.6125735294117647 0.5843137254901961 0.17220588235294118 0.08457516339869281
6 0.45085784313725485 0.5875816993464053 0.17090686274509806 0.10045751633986928
15 0.9066176470588235 0.6683660130718955 0.16078431372549018 0.10331699346405228
11 0.7235294117647059 0.6693137254901961 0.19102941176470586 0.12385620915032679
10 0.5278676470588235 0.6765359477124183 0.1568627450980392 0.10565359477124182
5 0.3360539215686275 0.6802777777777778 0.1653921568627451 0.11312091503267975
3 0.7917892156862746 0.7619934640522875 0.16647058823529412 0.09916666666666667
1 0.9400490196078432 0.7678431372549019 0.11987745098039215 0.1061764705882353
8 0.6171323529411764 0.7741503267973856 0.14629901960784314 0.10477124183006536
4 0.4466666666666667 0.7750816993464053 0.19051470588235295 0.1253267973856209
12 0.27725490196078434 0.786062091503268 0.159828431372549 0.11459150326797385