13 0.5228104575163398 0.503578431372549 0.06416666666666668 0.06598039215686274
2 0.47053921568627455 0.5530637254901961 0.0665686274509804 0.08473039215686275
14 0.5237091503267973 0.5862745098039216 0.07187908496732026 0.0753921568627451
3 0.4004575163398693 0.5891666666666666 0.08088235294117647 0.07674019607843137
14 0.5245915032679739 0.593406862745098 0.05584967320261438 0.07183823529411765
4 0.6368627450980392 0.5938480392156863 0.06645424836601307 0.06379901960784314
6 0.6984803921568628 0.6248284313725491 0.09759803921568627 0.07674019607843137
9 0.3377941176470588 0.6288480392156862 0.08032679738562092 0.05803921568627451
15 0.45465686274509803 0.6370833333333333 0.07936274509803921 0.0700735294117647
1 0.5819117647058824 0.6399754901960785 0.09321895424836601 0.07142156862745098
12 0.38975490196078433 0.6968137254901962 0.0951470588235294 0.10041666666666667
7 0.5180555555555556 0.7010539215686273 0.11405228758169934 0.09551470588235293
8 0.7727287581699347 0.7095343137254903 0.11537581699346405 0.08571078431372549
5 0.2616013071895425 0.7244607843137254 0.1091830065359477 0.15571078431372548