0 0.8981372549019607 0.30608374384236453 0.07504901960784313 0.10524630541871921
3 0.5771895424836602 0.3936453201970443 0.06594771241830065 0.06985221674876847
4 0.5158496732026143 0.4124384236453202 0.05318627450980392 0.05374384236453202
13 0.45570261437908494 0.43753694581280783 0.054705882352941174 0.05014778325123152
6 0.5737745098039215 0.44022167487684727 0.0561437908496732 0.05554187192118227
15 0.3899019607843137 0.45566502463054187 0.06274509803921569 0.06403940886699508
10 0.5177777777777778 0.4605911330049261 0.06596405228758169 0.04701970443349754
7 0.5972385620915033 0.4784975369458128 0.061486928104575164 0.06492610837438423
12 0.45851307189542484 0.48140394088669947 0.06331699346405228 0.048374384236453204
5 0.3270751633986928 0.4970935960591133 0.06722222222222222 0.12450738916256157
11 0.3925653594771242 0.522832512315271 0.06214052287581699 0.1267241379310345
8 0.602140522875817 0.5250738916256158 0.06831699346405229 0.06852216748768473
1 0.45866013071895423 0.5564285714285714 0.060637254901960785 0.11330049261083744
9 0.5286111111111111 0.5712068965517241 0.060915032679738565 0.13389162561576354
2 0.5930718954248365 0.5900246305418719 0.06504901960784314 0.1177832512315271