5 0.5689666666666666 0.280625 0.12723333333333334 0.133075
13 0.6256 0.3643 0.16416666666666666 0.082225
9 0.1506 0.374525 0.15963333333333332 0.13449999999999998
11 0.3575 0.38795 0.24006666666666665 0.20227499999999998
15 0.8464333333333334 0.3925 0.18763333333333332 0.138625
8 0.6349666666666667 0.49435 0.26170000000000004 0.196875
14 0.22483333333333333 0.509575 0.20503333333333332 0.122775
3 0.44173333333333337 0.532525 0.12973333333333334 0.1096
1 0.34023333333333333 0.6644 0.26006666666666667 0.206075
7 0.6207333333333334 0.6875749999999999 0.27563333333333334 0.17425000000000002
12 0.41353333333333336 0.2029 0.2249 0.1685
10 0.15816666666666668 0.20425000000000001 0.24143333333333336 0.16215