1 0.48553921568627445 0.4376225490196079 0.0638888888888889 0.06774509803921569
9 0.4295588235294117 0.4795098039215686 0.09748366013071895 0.08022058823529411
8 0.5529738562091504 0.4832843137254902 0.07397058823529412 0.06551470588235295
14 0.49267973856209146 0.5320833333333334 0.09003267973856209 0.09625
11 0.6379248366013073 0.5361029411764706 0.11315359477124183 0.07754901960784313
10 0.3551470588235294 0.5418872549019608 0.1061111111111111 0.09803921568627451
6 0.259640522875817 0.6022794117647059 0.11416666666666668 0.15196078431372548
2 0.7418790849673202 0.6125245098039216 0.13094771241830067 0.1100735294117647
13 0.4139542483660131 0.6149754901960784 0.10491830065359477 0.10159313725490197
15 0.5802941176470588 0.6221078431372549 0.12862745098039216 0.09803921568627451
7 0.12759803921568627 0.7834313725490196 0.1976797385620915 0.3315441176470588
12 0.3184477124183006 0.7883333333333333 0.1842483660130719 0.29678921568627453
5 0.509297385620915 0.7883333333333333 0.1708169934640523 0.2789705882352941
4 0.6994117647058824 0.7910049019607843 0.17076797385620915 0.30213235294117646
3 0.8761437908496733 0.7994607843137255 0.1736764705882353 0.310171568627451