9 0.9570588235294119 0.2699346405228758 0.0796078431372549 0.10762527233115468
15 0.1315359477124183 0.289760348583878 0.0919607843137255 0.11677559912854031
11 0.5422549019607843 0.34183006535947713 0.09640522875816994 0.12069716775599128
2 0.40830065359477125 0.4111111111111111 0.10299019607843138 0.12854030501089325
12 0.5304901960784314 0.4485838779956427 0.11209150326797385 0.15119825708061002
4 0.28689542483660135 0.5503267973856208 0.17065359477124184 0.18474945533769063
6 0.7231045751633988 0.5740740740740741 0.1737908496732026 0.14074074074074072
10 0.5134967320261438 0.612636165577342 0.1565359477124183 0.23093681917211328
13 0.7505555555555555 0.7485838779956427 0.1763888888888889 0.2588235294117647
14 0.7597058823529411 0.1429193899782135 0.05091503267973856 0.07581699346405228
1 0.6958333333333334 0.16492374727668846 0.05060457516339869 0.06318082788671024