5 0.35900326797385623 0.247328431372549 0.1197875816993464 0.1238970588235294
15 0.5091503267973857 0.2571323529411765 0.1259640522875817 0.09002450980392156
12 0.6511437908496732 0.269828431372549 0.112859477124183 0.09313725490196079
4 0.2774673202614379 0.3275490196078431 0.12604575163398693 0.1417156862745098
14 0.4344444444444444 0.3344362745098039 0.11619281045751634 0.10294117647058823
11 0.5846078431372549 0.3344362745098039 0.11050653594771241 0.12433823529411764
9 0.7415849673202615 0.33688725490196075 0.1362908496732026 0.09803921568627451
10 0.5015849673202615 0.4777205882352941 0.15537581699346406 0.23708333333333334
3 0.17988562091503268 0.4786029411764706 0.17151960784313725 0.25669117647058826
13 0.3489052287581699 0.4812745098039216 0.1471078431372549 0.24421568627450982
8 0.6747549019607842 0.4852941176470588 0.13928104575163397 0.2789705882352941
1 0.8280228758169934 0.48752450980392154 0.1487418300653595 0.292328431372549
0 0.3144444444444444 0.7464460784313726 0.20890522875816991 0.30213235294117646
7 0.5012908496732027 0.12723039215686274 0.1013235294117647 0.09313725490196079
6 0.4386111111111111 0.19117647058823528 0.1007516339869281 0.08289215686274509
2 0.5746568627450981 0.19830882352941176 0.08763071895424837 0.09715686274509804