0 0.5175163398692811 0.3831701030927835 0.04549019607843137 0.06100515463917526
1 0.5039052287581699 0.5010824742268041 0.08361111111111111 0.06914948453608247
9 0.44428104575163396 0.5403865979381443 0.05694444444444444 0.08332474226804124
8 0.5621732026143791 0.5470360824742269 0.08032679738562092 0.06657216494845361
14 0.5066339869281046 0.5822680412371134 0.07816993464052288 0.08548969072164948
10 0.3702124183006536 0.586340206185567 0.06133986928104575 0.0979381443298969
11 0.6392320261437908 0.5917010309278351 0.09826797385620915 0.07002577319587629
6 0.2811764705882353 0.6247938144329896 0.12616013071895424 0.09322164948453608
2 0.7375163398692811 0.6267268041237113 0.11513071895424835 0.07559278350515464
13 0.4265686274509804 0.636159793814433 0.08581699346405229 0.09451030927835052
15 0.5781045751633987 0.6406701030927835 0.12034313725490196 0.08203608247422679
7 0.13454248366013072 0.7781443298969073 0.18638888888888888 0.3226030927835052
12 0.3214705882352941 0.783298969072165 0.17625816993464052 0.2882216494845361
5 0.508937908496732 0.790798969072165 0.18898692810457515 0.28350515463917525
4 0.6947712418300653 0.8054123711340206 0.16578431372549018 0.3127061855670103
3 0.8750163398692811 0.8168041237113403 0.1777124183006536 0.3139948453608247