7 0.5855065359477124 0.38012254901960785 0.08258169934640523 0.1042892156862745
13 0.673578431372549 0.383014705882353 0.06562091503267974 0.08779411764705883
15 0.7582352941176471 0.38747549019607846 0.08638888888888889 0.07887254901960784
9 0.8520915032679739 0.38747549019607846 0.07209150326797385 0.09669117647058824
1 0.4904411764705882 0.3881372549019608 0.07071895424836601 0.1203186274509804
14 0.6401633986928104 0.4565441176470588 0.07305555555555555 0.08333333333333333
6 0.7285294117647059 0.46480392156862743 0.08638888888888889 0.09536764705882352
4 0.8188235294117647 0.46791666666666665 0.07686274509803921 0.11051470588235295
3 0.5408006535947713 0.47147058823529414 0.09120915032679738 0.09982843137254901
12 0.6805555555555556 0.5412254901960785 0.07066993464052287 0.1100735294117647
11 0.7776797385620915 0.5443382352941176 0.09261437908496732 0.10740196078431373
10 0.5762908496732027 0.5463480392156863 0.08199346405228758 0.12477941176470587
2 0.626781045751634 0.6274509803921569 0.08790849673202614 0.12656862745098038
5 0.7352124183006535 0.6299019607843137 0.09678104575163399 0.11808823529411765
14 0.6879738562091504 0.7412990196078431 0.09145424836601307 0.14482843137254903