1 0.3979248366013072 0.24754901960784315 0.08472222222222223 0.0842156862745098
12 0.12998366013071894 0.3886029411764706 0.15490196078431373 0.29056372549019605
4 0.6613888888888888 0.3919362745098039 0.16602941176470587 0.28387254901960784
13 0.8287745098039215 0.3928186274509804 0.17101307189542483 0.28566176470588234
6 0.48970588235294116 0.394828431372549 0.15537581699346406 0.24955882352941175
7 0.3131045751633987 0.39571078431372547 0.16168300653594772 0.26916666666666667
0 0.9258496732026144 0.7132352941176471 0.14830065359477124 0.38279411764705884
8 0.4680228758169935 0.09178921568627452 0.0823202614379085 0.07487745098039215
2 0.4086111111111111 0.12566176470588236 0.08233660130718955 0.08556372549019607
9 0.5495588235294118 0.13637254901960785 0.07606209150326797 0.08911764705882352
5 0.6310947712418301 0.18426470588235297 0.10544117647058823 0.08245098039215687
10 0.3226143790849673 0.1849264705882353 0.08563725490196078 0.10605392156862746
15 0.4773692810457516 0.18872549019607843 0.08022875816993465 0.09134803921568628
3 0.23366013071895425 0.23262254901960783 0.10674836601307189 0.10338235294117647
11 0.7366830065359478 0.23284313725490197 0.10570261437908496 0.08154411764705884