12 0.597826797385621 0.2754054054054054 0.15772875816993465 0.16572481572481573
11 0.13101307189542485 0.2988697788697789 0.18372549019607842 0.2439066339066339
13 0.3441503267973856 0.40159705159705156 0.18513071895424837 0.19923832923832924
14 0.5911274509803921 0.44361179361179365 0.18297385620915033 0.1938820638820639
15 0.7687581699346405 0.6591400491400491 0.1936111111111111 0.2988697788697789
8 0.19086601307189544 0.6683046683046683 0.1875653594771242 0.33058968058968063
1 0.5725653594771242 0.6716461916461917 0.1892156862745098 0.34174447174447176
0 0.3818627450980392 0.677911547911548 0.19284313725490196 0.3185257985257985
2 0.5514869281045751 0.11815724815724817 0.14823529411764705 0.19076167076167078
8 0.05973856209150327 0.12597051597051598 0.10057189542483659 0.192997542997543
9 0.2667647058823529 0.1328992628992629 0.15218954248366012 0.2113022113022113
10 0.4271732026143791 0.215995085995086 0.152140522875817 0.1987960687960688