6 0.4402450980392157 0.46542787286063575 0.07133986928104574 0.049779951100244496
2 0.5633660130718954 0.47589242053789726 0.07694444444444445 0.05733496332518337
3 0.5996078431372549 0.5092176039119805 0.09 0.06178484107579462
1 0.35173202614379084 0.5099022004889976 0.09632352941176471 0.08535452322738385
14 0.4773692810457516 0.5116625916870415 0.09212418300653595 0.05334963325183374
5 0.24509803921568626 0.5399022004889975 0.09101307189542485 0.060904645476772615
12 0.3763888888888889 0.541002444987775 0.09215686274509803 0.07645476772616137
13 0.6600490196078431 0.5565770171149144 0.10691176470588236 0.07378973105134475
15 0.5003921568627451 0.56679706601467 0.09359477124183006 0.09246943765281174
11 0.11498366013071896 0.6648166259168705 0.13975490196078433 0.21293398533007335
8 0.4065359477124183 0.6830317848410759 0.13165032679738561 0.2404889975550122
10 0.26869281045751636 0.6848166259168703 0.14119281045751633 0.24405867970660144
9 0.5595098039215687 0.6899266503667482 0.14645424836601306 0.2765036674816626
7 0.7190196078431373 0.6966014669926651 0.15055555555555555 0.2276039119804401