8 0.4875272727272727 0.5589617486338798 0.08607272727272727 0.11519125683060108
11 0.5962909090909091 0.5785792349726776 0.0914909090909091 0.09060109289617485
7 0.8806545454545455 0.5810382513661202 0.08745454545454545 0.1730601092896175
15 0.6991636363636364 0.5865027322404371 0.09418181818181817 0.09289617486338798
10 0.5176727272727273 0.6443715846994535 0.07669090909090909 0.10836065573770491
6 0.8130909090909091 0.6502732240437158 0.09174545454545455 0.14754098360655737
14 0.6246181818181819 0.65551912568306 0.09058181818181818 0.10792349726775956
5 0.7414181818181818 0.7121857923497269 0.0969090909090909 0.14387978142076502
13 0.5557090909090909 0.7395081967213115 0.10727272727272727 0.12568306010928962
4 0.6688727272727273 0.7777595628415301 0.09421818181818181 0.16573770491803277
3 0.5923636363636364 0.8715846994535519 0.13814545454545454 0.17120218579234972
1 0.4632727272727273 0.4890710382513661 0.08607272727272727 0.09836065573770492
9 0.5732727272727273 0.49273224043715846 0.08181818181818182 0.08743169398907104
12 0.6688727272727273 0.4970491803278688 0.06996363636363635 0.10065573770491804
2 0.7671636363636364 0.5314207650273224 0.06963636363636364 0.10109289617486339