9 0.39243333333333336 0.6327380952380952 0.0556 0.08291666666666667
8 0.5712999999999999 0.6344642857142857 0.06516666666666666 0.08642857142857142
14 0.4855333333333333 0.6371428571428572 0.049166666666666664 0.07404761904761904
4 0.33876666666666666 0.6873809523809524 0.06426666666666667 0.0688095238095238
5 0.527 0.6908928571428571 0.06296666666666667 0.07583333333333334
6 0.6188333333333333 0.6944642857142858 0.06886666666666667 0.08291666666666667
15 0.5711666666666666 0.7594642857142857 0.07726666666666666 0.11154761904761903
3 0.3896 0.7656547619047619 0.0672 0.12386904761904761
1 0.29886666666666667 0.7656547619047619 0.0907 0.12386904761904761
10 0.6721666666666667 0.7685119047619049 0.07673333333333333 0.10755952380952381
12 0.4875 0.7704761904761904 0.07286666666666666 0.10714285714285714
13 0.4945333333333334 0.53 0.05483333333333333 0.08023809523809525
2 0.4399666666666667 0.5785119047619047 0.07903333333333333 0.07142857142857142
7 0.5249 0.5888690476190477 0.081 0.061309523809523814