5 0.5501515151515152 0.5672774869109948 0.22295454545454546 0.36424083769633503
12 0.5814393939393939 0.05780104712041884 0.12087121212121212 0.10104712041884817
1 0.29624999999999996 0.579109947643979 0.2882575757575757 0.3879057591623037
9 0.3988257575757576 0.13795811518324608 0.14102272727272727 0.15204188481675393
15 0.5700757575757576 0.15481675392670158 0.15412878787878787 0.12198952879581153
13 0.7151515151515152 0.16706806282722514 0.13795454545454547 0.11926701570680628
11 0.8870833333333333 0.28638743455497384 0.15238636363636363 0.1575392670157068
14 0.5656439393939394 0.29298429319371727 0.16829545454545455 0.1843979057591623
4 0.7311363636363637 0.30026178010471205 0.1534090909090909 0.18073298429319373
2 0.36507575757575755 0.3195811518324607 0.22170454545454546 0.19670157068062827
10 0.4293181818181818 0.04507853403141361 0.11958333333333333 0.09015706806282722
13 0.9153030303030303 0.4732460732984293 0.16935606060606062 0.2717801047120419
6 0.7591287878787879 0.4989528795811518 0.2028030303030303 0.30047120418848167