3 0.7920401337792642 0.630297619047619 0.12648829431438127 0.30291666666666667
10 0.6689297658862876 0.6961904761904761 0.142876254180602 0.2980357142857143
2 0.5289966555183946 0.7539880952380953 0.15531772575250835 0.2636904761904762
8 0.3625418060200669 0.8174404761904762 0.15933110367892978 0.26720238095238097
0 0.7697658862876254 0.10029761904761905 0.141371237458194 0.17767857142857144
13 0.4099665551839465 0.12214285714285714 0.10806020066889632 0.11994047619047618
4 0.5185953177257525 0.19380952380952382 0.09488294314381271 0.1000595238095238
11 0.38444816053511705 0.26589285714285715 0.1313377926421405 0.1781547619047619
6 0.6462876254180603 0.2982738095238095 0.10501672240802674 0.12386904761904761
14 0.5289966555183946 0.3525 0.115685618729097 0.15297619047619046
7 0.7697658862876254 0.40875 0.12157190635451505 0.19928571428571426
5 0.3833444816053512 0.41690476190476194 0.13160535117056857 0.17595238095238094
1 0.6512374581939799 0.46958333333333335 0.11491638795986622 0.17988095238095236
15 0.516989966555184 0.5156547619047619 0.13377926421404682 0.17946428571428572
12 0.9192642140468228 0.5807142857142857 0.1257190635451505 0.31392857142857145
9 0.3714715719063545 0.5839880952380953 0.14745819397993312 0.20148809523809524