11 0.5277333333333333 0.65125 0.1484 0.2610119047619048
10 0.32626666666666665 0.7001785714285714 0.18006666666666668 0.2619047619047619
9 0.6562333333333333 0.8196428571428571 0.16586666666666666 0.28041666666666665
8 0.44179999999999997 0.8838095238095237 0.16419999999999998 0.23238095238095238
6 0.6417666666666667 0.1573809523809524 0.14933333333333332 0.24339285714285713
5 0.47686666666666666 0.16113095238095237 0.14543333333333333 0.3170238095238095
4 0.329 0.23083333333333333 0.15093333333333334 0.2623214285714286
3 0.1584 0.25857142857142856 0.16036666666666666 0.3267261904761905
2 0.7612666666666666 0.3485714285714286 0.1512666666666667 0.2244047619047619
15 0.5720333333333334 0.3893452380952381 0.14073333333333332 0.24869047619047618
13 0.23296666666666666 0.4836904761904762 0.1712 0.24339285714285713
12 0.7037333333333333 0.5650595238095238 0.13006666666666666 0.27821428571428575