8 0.5729 0.2579 0.11936666666666668 0.123975
14 0.7361666666666666 0.2879 0.1126 0.12945
15 0.25693333333333335 0.3152 0.2571 0.184025
1 0.8770333333333333 0.3443 0.12156666666666666 0.11495
10 0.5108 0.348825 0.17090000000000002 0.124025
12 0.6865 0.39295 0.15866666666666668 0.130425
4 0.8407 0.43522500000000003 0.12159999999999999 0.115
7 0.3859666666666667 0.46752499999999997 0.23643333333333336 0.188675
3 0.6010666666666666 0.51095 0.19386666666666666 0.170975
6 0.7961333333333334 0.5138750000000001 0.17193333333333333 0.117775
11 0.49439999999999995 0.6553 0.2715 0.2097
0 0.7700666666666667 0.681675 0.30160000000000003 0.244275
2 0.6676666666666667 0.8665 0.3271 0.227575
5 0.17333333333333334 0.15765 0.23536666666666667 0.18257500000000002
13 0.39386666666666664 0.206075 0.19156666666666666 0.165775