7 0.5872294372294372 0.5227064220183486 0.10510822510822511 0.11403669724770642
13 0.3034199134199134 0.5336238532110091 0.10233766233766234 0.12711009174311927
1 0.5047619047619047 0.626697247706422 0.12164502164502165 0.12977064220183485
3 0.18900432900432898 0.6297706422018349 0.1332900432900433 0.14458715596330274
11 0.757056277056277 0.6361009174311926 0.11497835497835497 0.15288990825688073
0 0.4012987012987013 0.8652293577981651 0.17030303030303032 0.135
4 0.8098268398268398 0.13522935779816514 0.08857142857142858 0.15160550458715594
5 0.6744155844155844 0.15573394495412846 0.11870129870129871 0.11403669724770642
8 0.14160173160173162 0.18325688073394497 0.09619047619047619 0.10788990825688073
14 0.42069264069264073 0.19114678899082568 0.10186147186147186 0.14110091743119266
2 0.6218614718614719 0.2588532110091743 0.1083982683982684 0.12798165137614678
12 0.7413852813852814 0.30513761467889905 0.10012987012987012 0.13325688073394495
15 0.3594805194805195 0.315 0.09900432900432901 0.13105504587155964
10 0.19683982683982684 0.32788990825688075 0.1241991341991342 0.12623853211009173
6 0.47363636363636363 0.3674311926605504 0.10476190476190476 0.1660091743119266
9 0.7018181818181818 0.4561009174311927 0.11991341991341992 0.12495412844036696