15 0.3875111111111111 0.6057777777777779 0.22226666666666667 0.20622222222222222
14 0.15417777777777777 0.612 0.2268 0.21866666666666668
3 0.8432 0.6155555555555555 0.21368888888888887 0.1902222222222222
2 0.6130222222222222 0.6208888888888888 0.21551111111111113 0.21866666666666668
6 0.6152444444444445 0.8326666666666667 0.1932888888888889 0.19333333333333333
5 0.3930666666666667 0.8406666666666667 0.19337777777777776 0.19155555555555556
4 0.1584 0.8493333333333333 0.22191111111111111 0.19555555555555557
7 0.8372 0.8504444444444444 0.21502222222222223 0.2111111111111111
9 0.8367555555555556 0.15644444444444447 0.18746666666666667 0.20533333333333334
1 0.3841777777777778 0.15777777777777777 0.19337777777777776 0.21688888888888888
1 0.1595111111111111 0.16044444444444445 0.21968888888888888 0.20444444444444446
8 0.6179111111111111 0.16422222222222224 0.1986222222222222 0.20755555555555558
12 0.6139111111111111 0.3793333333333333 0.1995111111111111 0.2288888888888889
11 0.3886222222222222 0.38466666666666666 0.20226666666666665 0.204
10 0.1584 0.38488888888888884 0.22191111111111111 0.21777777777777776
13 0.8298666666666666 0.3895555555555556 0.1870222222222222 0.2048888888888889