13 0.26270270270270274 0.6427835051546392 0.12127413127413128 0.18195876288659793
2 0.7106563706563707 0.6512886597938145 0.15436293436293436 0.17211340206185569
15 0.5601158301158301 0.6526288659793814 0.13864864864864865 0.18376288659793813
14 0.40401544401544404 0.6640721649484537 0.12864864864864864 0.15731958762886597
3 0.17845559845559844 0.8265463917525773 0.1474903474903475 0.1909278350515464
4 0.3397297297297297 0.8402061855670103 0.131003861003861 0.21381443298969072
7 0.7845173745173745 0.8422164948453608 0.14092664092664092 0.2312886597938144
6 0.6354826254826255 0.842680412371134 0.1383011583011583 0.18737113402061856
5 0.48324324324324325 0.8491752577319588 0.13934362934362934 0.21381443298969072
1 0.4838996138996139 0.16381443298969073 0.14069498069498068 0.1609278350515464
8 0.40822393822393827 0.3153092783505155 0.12023166023166024 0.1591237113402062
9 0.5592664092664092 0.3249484536082474 0.1269111969111969 0.14701030927835051
10 0.33386100386100387 0.47577319587628863 0.1293050193050193 0.15731958762886597
12 0.6297683397683398 0.4858762886597938 0.12015444015444016 0.15510309278350515
11 0.4818918918918919 0.48814432989690726 0.13667953667953667 0.15061855670103091