7 0.5970545454545454 0.5564480874316939 0.07785454545454545 0.08743169398907104
8 0.2325818181818182 0.5573770491803278 0.07010909090909091 0.14387978142076502
14 0.41814545454545454 0.5862841530054645 0.0745818181818182 0.07879781420765028
6 0.2862181818181818 0.6302185792349727 0.05007272727272727 0.14387978142076502
9 0.3537818181818182 0.6666666666666666 0.05792727272727272 0.14387978142076502
2 0.4992 0.6698360655737705 0.07 0.14114754098360655
1 0.4266181818181818 0.7304371584699453 0.11578181818181818 0.18032786885245902
0 0.7564363636363637 0.47224043715847 0.10567272727272727 0.1648633879781421
12 0.2972727272727273 0.48338797814207646 0.0813090909090909 0.07333333333333333
10 0.6370545454545454 0.4847540983606557 0.08512727272727273 0.08513661202185792
15 0.5250909090909092 0.4897814207650273 0.08847272727272727 0.0860655737704918
4 0.4143636363636364 0.49524590163934423 0.09429090909090909 0.0605464480874317
3 0.3542181818181818 0.532568306010929 0.07400000000000001 0.08060109289617487