2 0.5232727272727273 0.6054098360655739 0.10909090909090909 0.17169398907103825
8 0.42116363636363635 0.7169945355191257 0.10487272727272727 0.167103825136612
7 0.3602909090909091 0.10633879781420766 0.08610909090909091 0.13890710382513663
12 0.4548 0.14524590163934425 0.08123636363636363 0.13021857923497268
6 0.5422181818181818 0.19327868852459015 0.08334545454545456 0.1397814207650273
11 0.6391636363636364 0.23475409836065575 0.09541818181818182 0.1407103825136612
13 0.3701090909090909 0.24792349726775956 0.09065454545454546 0.12158469945355191
5 0.46963636363636363 0.2857377049180328 0.09276363636363637 0.13344262295081968
5 0.4694909090909091 0.28595628415300545 0.1076 0.14754098360655737
1 0.7517090909090909 0.28759562841530056 0.10538181818181819 0.13704918032786884
4 0.5767636363636364 0.3372131147540984 0.07967272727272727 0.11792349726775955
15 0.6761454545454545 0.3786338797814208 0.09661818181818183 0.15530054644808744
3 0.3949818181818182 0.393879781420765 0.09185454545454547 0.1539344262295082
14 0.49614545454545456 0.440327868852459 0.08818181818181818 0.1375409836065574
10 0.5990181818181818 0.4977049180327869 0.09087272727272727 0.12475409836065574
9 0.4093454545454545 0.540327868852459 0.09941818181818182 0.1416393442622951