8 0.4275 0.5568062827225131 0.13901515151515154 0.17026178010471205
1 0.2921212121212121 0.6341884816753927 0.16477272727272727 0.19759162303664923
7 0.34696969696969693 0.11586387434554973 0.09984848484848485 0.13068062827225133
6 0.44477272727272726 0.1363350785340314 0.07810606060606061 0.10790575916230366
5 0.5343560606060606 0.19146596858638742 0.09912878787878789 0.11790575916230367
2 0.3252272727272727 0.21146596858638744 0.09590909090909092 0.10335078534031412
4 0.6520833333333333 0.25198952879581155 0.10075757575757577 0.1024607329842932
15 0.42765151515151517 0.268586387434555 0.10973484848484848 0.13109947643979056
14 0.5386363636363636 0.301413612565445 0.10113636363636364 0.1238219895287958
3 0.7790530303030303 0.3296335078534031 0.10761363636363637 0.16209424083769633
12 0.3102651515151515 0.3298429319371728 0.1021969696969697 0.12157068062827224
13 0.6565530303030304 0.38492146596858634 0.11295454545454546 0.14979057591623035
11 0.4233712121212121 0.3940314136125655 0.12090909090909091 0.13157068062827224
10 0.553939393939394 0.45984293193717274 0.12844696969696967 0.1493193717277487
9 0.3028409090909091 0.46439790575916234 0.13018939393939394 0.14020942408376963