12 0.2235111111111111 0.46599999999999997 0.18764444444444445 0.12666666666666668
14 0.42506666666666665 0.47555555555555556 0.1507111111111111 0.11466666666666667
2 0.6356888888888889 0.5404444444444444 0.16306666666666667 0.19111111111111112
10 0.2766222222222222 0.5866666666666667 0.17386666666666664 0.1591111111111111
8 0.4996888888888889 0.6411111111111111 0.17555555555555555 0.19244444444444442
0 0.8496444444444444 0.6695555555555556 0.22213333333333332 0.23155555555555557
1 0.3504 0.7506666666666667 0.2324888888888889 0.21155555555555555
11 0.12555555555555556 0.24266666666666667 0.17391111111111113 0.1288888888888889
7 0.30373333333333336 0.2491111111111111 0.14808888888888888 0.10177777777777777
9 0.48791111111111113 0.28755555555555556 0.15644444444444447 0.12088888888888888
13 0.6814666666666668 0.29377777777777775 0.13906666666666667 0.13333333333333333
6 0.17351111111111112 0.3497777777777778 0.19879999999999998 0.12088888888888888
4 0.8738666666666667 0.35444444444444445 0.1416888888888889 0.19688888888888886
5 0.36551111111111106 0.36733333333333335 0.15604444444444443 0.1248888888888889
15 0.5592444444444444 0.388 0.188 0.1262222222222222
3 0.7527555555555556 0.444 0.1705777777777778 0.20266666666666666