15 0.3161818181818182 0.6325136612021858 0.10400000000000001 0.12114754098360657
5 0.6572 0.6338797814207651 0.11025454545454545 0.11475409836065574
10 0.42676363636363635 0.635464480874317 0.08883636363636363 0.1407103825136612
7 0.5446545454545455 0.6459562841530054 0.10029090909090908 0.11612021857923498
13 0.7394545454545455 0.7714207650273224 0.12021818181818182 0.20765027322404372
8 0.6161454545454546 0.7827868852459017 0.1221090909090909 0.20311475409836066
11 0.3521090909090909 0.7953005464480873 0.12429090909090909 0.21448087431693988
4 0.21741818181818182 0.7991803278688525 0.12465454545454546 0.1994535519125683
2 0.4834181818181818 0.8096721311475409 0.12334545454545455 0.21131147540983608
1 0.48799999999999993 0.3907103825136612 0.0778909090909091 0.06557377049180328
3 0.5294909090909091 0.45562841530054643 0.08210909090909091 0.08153005464480874
9 0.4354181818181818 0.45721311475409837 0.05458181818181818 0.08923497267759561
6 0.3825454545454546 0.527103825136612 0.0852 0.08786885245901638
14 0.48618181818181816 0.527103825136612 0.0864 0.08786885245901638
12 0.5841818181818182 0.5298360655737705 0.07938181818181818 0.09333333333333332