9 0.08799212598425198 0.6436683417085427 0.12338582677165354 0.15904522613065325
2 0.7607874015748032 0.6473869346733669 0.13035433070866143 0.16211055276381908
12 0.2360236220472441 0.6506532663316582 0.11480314960629921 0.17301507537688443
6 0.9099999999999999 0.6584924623115578 0.12755905511811022 0.1713065326633166
10 0.09704724409448819 0.835929648241206 0.12440944881889765 0.17653266331658293
14 0.37673228346456694 0.8385427135678393 0.12913385826771653 0.16432160804020102
3 0.7729133858267716 0.8409547738693467 0.13070866141732285 0.1734673366834171
7 0.9103543307086613 0.8427135678391959 0.12141732283464567 0.17698492462311557
13 0.22850393700787403 0.8444221105527637 0.1271259842519685 0.18045226130653264
0 0.6291732283464567 0.846180904522613 0.13074803149606298 0.18396984924623117
8 0.7669291338582678 0.09241206030150755 0.11531496062992126 0.10095477386934673
1 0.6307086614173227 0.0928643216080402 0.11669291338582677 0.09306532663316583
10 0.36901574803149606 0.09306532663316583 0.1171259842519685 0.08914572864321607
3 0.5055905511811023 0.09723618090452261 0.10956692913385827 0.10180904522613066
5 0.22696850393700788 0.10532663316582914 0.11377952755905511 0.13110552763819094
12 0.43901574803149607 0.16668341708542714 0.10307086614173228 0.09221105527638192
13 0.30090551181102365 0.16954773869346734 0.09732283464566929 0.09351758793969848
9 0.7029133858267717 0.17150753768844224 0.13106299212598424 0.09306532663316583
2 0.568740157480315 0.17587939698492464 0.09551181102362205 0.08432160804020102
14 0.5004724409448819 0.24557788944723616 0.10614173228346457 0.1057286432160804
15 0.6467716535433071 0.2661306532663317 0.11464566929133858 0.10311557788944724
4 0.9031496062992126 0.2700502512562814 0.12755905511811022 0.1721608040201005
1 0.08799212598425198 0.27442211055276383 0.10968503937007874 0.18090452261306533
11 0.4217322834645669 0.3417085427135678 0.11303149606299213 0.1057286432160804
15 0.7773622047244094 0.45487437185929647 0.10535433070866142 0.1485929648241206
8 0.08421259842519685 0.4557788944723618 0.12271653543307087 0.16432160804020102
11 0.22783464566929132 0.4577386934673367 0.125748031496063 0.1673366834170854
5 0.9048818897637796 0.4710552763819095 0.12413385826771654 0.15467336683417085