9 0.6668000000000001 0.5022222222222222 0.1897333333333333 0.16799999999999998
14 0.49124444444444443 0.5028888888888889 0.1497777777777778 0.13822222222222222
2 0.3192888888888889 0.5071111111111111 0.1703111111111111 0.1688888888888889
10 0.2286222222222222 0.6371111111111111 0.16675555555555557 0.15777777777777777
5 0.7572 0.6446666666666667 0.1616888888888889 0.164
12 0.5825777777777779 0.6508888888888889 0.17688888888888887 0.15866666666666668
4 0.40373333333333333 0.6511111111111111 0.17915555555555557 0.15466666666666665
3 0.8331999999999999 0.7986666666666666 0.18035555555555555 0.1831111111111111
11 0.14288888888888887 0.7986666666666666 0.1996888888888889 0.1831111111111111
6 0.3277333333333333 0.8017777777777778 0.16053333333333333 0.18044444444444446
7 0.4988 0.8055555555555556 0.17377777777777778 0.16577777777777777
13 0.6756888888888889 0.8119999999999999 0.15417777777777777 0.15644444444444447
1 0.5001333333333333 0.19955555555555554 0.20311111111111113 0.17600000000000002
15 0.4070666666666667 0.3517777777777778 0.19026666666666667 0.13822222222222222
8 0.5850222222222222 0.3542222222222222 0.204 0.16533333333333333