6 0.7300881057268722 0.4779279279279279 0.10083700440528634 0.13963963963963963
15 0.4158149779735683 0.4867117117117117 0.09872246696035242 0.1436936936936937
5 0.862863436123348 0.5166666666666667 0.13823788546255505 0.14504504504504506
2 0.5391189427312775 0.5490990990990992 0.11629955947136564 0.15585585585585587
3 0.6662114537444933 0.5891891891891893 0.11933920704845814 0.17297297297297295
14 0.35083700440528637 0.6225225225225225 0.10537444933920706 0.09549549549549549
4 0.7965638766519824 0.6349099099099098 0.11577092511013216 0.16081081081081083
13 0.47352422907488984 0.6563063063063063 0.09960352422907488 0.11801801801801802
12 0.5977092511013217 0.7105855855855856 0.11894273127753303 0.131981981981982
1 0.27572687224669606 0.729054054054054 0.11814977973568282 0.14189189189189189
11 0.7329074889867842 0.7612612612612613 0.1514977973568282 0.15675675675675674
8 0.4072246696035242 0.7743243243243243 0.11237885462555067 0.13783783783783785
9 0.5278854625550661 0.8272522522522523 0.10352422907488987 0.1400900900900901
10 0.65431718061674 0.8788288288288288 0.12198237885462555 0.11261261261261261
0 0.4820704845814978 0.390990990990991 0.12118942731277534 0.11891891891891891
7 0.604977973568282 0.42792792792792794 0.09383259911894273 0.12072072072072072