5 0.11612244897959184 0.38933852140077824 0.10403061224489796 0.10023346303501945
11 0.5779081632653061 0.42116731517509726 0.14525510204081632 0.10618677042801557
12 0.7756632653061225 0.43692607003891054 0.11459183673469388 0.08560311284046693
6 0.28566326530612246 0.48614785992217896 0.17295918367346938 0.09704280155642024
3 0.711173469387755 0.5126848249027237 0.10923469387755103 0.13182879377431908
8 0.6196428571428572 0.5415564202334631 0.1626530612244898 0.10712062256809339
13 0.36096938775510207 0.5621400778210117 0.11352040816326531 0.12085603112840466
9 0.5086224489795919 0.6397276264591439 0.21668367346938774 0.17073929961089496
0 0.4903061224489796 0.8580933852140078 0.28214285714285714 0.1954863813229572
7 0.48637755102040814 0.35704280155642026 0.1603061224489796 0.07688715953307394
8 0.6757653061224489 0.3607392996108949 0.13683673469387755 0.06591439688715954