6 0.6311272727272728 0.573551912568306 0.10661818181818182 0.16256830601092895
12 0.34647272727272727 0.6110928961748634 0.10400000000000001 0.14207650273224043
0 0.8623272727272727 0.6414207650273224 0.11443636363636363 0.19808743169398907
8 0.5571999999999999 0.6789617486338798 0.10421818181818182 0.12295081967213115
3 0.4254181818181818 0.6857923497267759 0.08912727272727274 0.14573770491803278
9 0.49069090909090907 0.8053551912568305 0.11363636363636363 0.14710382513661202
5 0.6606909090909091 0.17989071038251367 0.10814545454545454 0.1448087431693989
4 0.418 0.1946448087431694 0.09669090909090909 0.15163934426229508
7 0.31847272727272724 0.21311475409836064 0.09945454545454546 0.12934426229508197
15 0.5537454545454545 0.2176502732240437 0.09425454545454547 0.13841530054644807
11 0.7132363636363636 0.31218579234972677 0.11934545454545455 0.1498360655737705
1 0.4875272727272727 0.31513661202185794 0.11032727272727273 0.13295081967213113
2 0.2631636363636364 0.3551912568306011 0.12523636363636362 0.15846994535519127
13 0.7076363636363636 0.46081967213114755 0.11116363636363637 0.16939890710382513
10 0.2839272727272727 0.49475409836065576 0.11523636363636364 0.1233879781420765