4 0.13783333333333334 0.285 0.23103333333333334 0.15545
6 0.3787 0.2934 0.234 0.167725
12 0.5965333333333334 0.296375 0.21513333333333334 0.1509
10 0.8177333333333333 0.3034 0.20900000000000002 0.15137499999999998
13 0.13116666666666668 0.45545 0.2056 0.16
1 0.3602333333333333 0.45862499999999995 0.22733333333333333 0.17545000000000002
3 0.5977666666666667 0.46362499999999995 0.21756666666666666 0.176375
11 0.8256 0.46637500000000004 0.21263333333333334 0.18182500000000001
15 0.3384 0.63455 0.2322 0.1909
7 0.10729999999999999 0.639775 0.21456666666666668 0.187725
9 0.5844333333333334 0.643625 0.21513333333333334 0.17272500000000002
14 0.8440666666666666 0.65 0.24353333333333335 0.16727499999999998
2 0.8556 0.843625 0.25443333333333334 0.227275
8 0.31839999999999996 0.8452249999999999 0.2528 0.21682500000000002
0 0.09269999999999999 0.8531749999999999 0.17106666666666667 0.23727499999999999
5 0.582 0.856125 0.25876666666666664 0.238625