6 0.35967272727272726 0.550983606557377 0.0728 0.11295081967213115
11 0.23225454545454544 0.5573770491803278 0.06345454545454546 0.10748633879781422
5 0.15818181818181817 0.5983606557377049 0.07589090909090909 0.11655737704918032
12 0.3021090909090909 0.6102185792349727 0.06676363636363636 0.08562841530054645
13 0.16636363636363635 0.7126775956284153 0.07407272727272728 0.11748633879781421
8 0.1721090909090909 0.2855191256830601 0.06738181818181818 0.10109289617486339
4 0.23741818181818183 0.3392349726775956 0.06767272727272727 0.09928961748633881
10 0.3028727272727273 0.38431693989071036 0.053127272727272724 0.12568306010928962
2 0.15683636363636363 0.38775956284153 0.07618181818181818 0.10065573770491804
15 0.35741818181818186 0.4371584699453552 0.05309090909090909 0.12202185792349726
3 0.2288 0.43808743169398906 0.07767272727272727 0.08743169398907104
0 0.6817454545454545 0.4537704918032787 0.09269090909090909 0.11431693989071039
1 0.42025454545454544 0.49841530054644806 0.07276363636363636 0.1124590163934426
9 0.17167272727272728 0.4997814207650273 0.06345454545454546 0.10612021857923498