4 0.10603333333333333 0.3175 0.07653333333333334 0.152275
11 0.24873333333333336 0.39159999999999995 0.27099999999999996 0.182275
1 0.4444666666666667 0.474325 0.11703333333333334 0.075
13 0.1021 0.4816 0.09896666666666668 0.10772500000000002
9 0.6607666666666666 0.5054500000000001 0.19816666666666669 0.1509
10 0.5456333333333333 0.587275 0.2588 0.22362500000000002
2 0.2366 0.6015999999999999 0.2952333333333333 0.20227499999999998
7 0.07423333333333333 0.6863750000000001 0.11593333333333333 0.112725
3 0.6898666666666667 0.7109000000000001 0.20783333333333334 0.158175
15 0.4196 0.717725 0.2006666666666667 0.13
14 0.2051 0.8272750000000001 0.2807 0.19454999999999997
5 0.6604666666666666 0.892275 0.2521 0.21545000000000003
8 0.44143333333333334 0.90045 0.17156666666666667 0.19545