1 0.49131147540983605 0.5109454545454545 0.17420765027322405 0.09821818181818183
8 0.4015300546448088 0.5957090909090909 0.15169398907103826 0.09963636363636363
9 0.5907103825136611 0.5982181818181818 0.18846994535519127 0.1092
10 0.3114207650273224 0.6848363636363637 0.1626775956284153 0.11425454545454546
11 0.4930601092896175 0.6916727272727273 0.14344262295081966 0.1188
12 0.6681967213114755 0.6934909090909092 0.15907103825136612 0.10425454545454546
2 0.7682513661202186 0.7805454545454545 0.1610382513661202 0.11930909090909092
13 0.22229508196721312 0.7832727272727273 0.18256830601092894 0.12476363636363637
14 0.402896174863388 0.7876 0.15442622950819673 0.10156363636363636
15 0.578032786885246 0.7887272727272727 0.1700546448087432 0.1174909090909091
6 0.6845901639344263 0.8908363636363636 0.1644808743169399 0.1352727272727273
5 0.4851912568306011 0.8908363636363636 0.17557377049180328 0.1352727272727273
3 0.1325136612021858 0.8917454545454545 0.18743169398907103 0.1370909090909091
7 0.8685792349726775 0.8942181818181818 0.18415300546448088 0.14665454545454545
4 0.32098360655737707 0.8960363636363636 0.15448087431693988 0.1321090909090909
0 0.5176502732240438 0.21265454545454543 0.16530054644808742 0.11985454545454546