6 0.3720333333333333 0.267 0.20856666666666668 0.16035
12 0.5989333333333333 0.270875 0.21989999999999998 0.16355
4 0.15 0.27405 0.23113333333333336 0.160825
2 0.8231 0.27495 0.20763333333333334 0.16265000000000002
10 0.8658333333333333 0.39795 0.14156666666666667 0.094975
9 0.5964999999999999 0.43045 0.19083333333333333 0.157275
13 0.13726666666666668 0.431375 0.21780000000000002 0.148175
1 0.379 0.43317500000000003 0.22853333333333334 0.17
11 0.7676666666666667 0.48957500000000004 0.28463333333333335 0.191875
3 0.6113666666666666 0.599375 0.2387 0.179675
15 0.369 0.6046 0.23886666666666664 0.19467500000000001
7 0.12243333333333332 0.6109749999999999 0.24266666666666667 0.189225
8 0.3578 0.7919499999999999 0.2225 0.2057
5 0.6307333333333334 0.79785 0.27743333333333337 0.208425
0 0.12186666666666668 0.81785 0.24376666666666666 0.230275