4 0.7247 0.25272500000000003 0.28356666666666663 0.158175
13 0.2451 0.3034 0.14253333333333332 0.096825
12 0.4753666666666667 0.30545 0.19093333333333334 0.132725
5 0.09513333333333333 0.35112499999999996 0.12743333333333332 0.11044999999999999
10 0.28476666666666667 0.373625 0.20373333333333332 0.08727499999999999
6 0.6314 0.42795 0.2424 0.20045000000000002
15 0.13633333333333333 0.428875 0.20983333333333334 0.11137499999999999
3 0.3811333333333333 0.47 0.21459999999999999 0.14182499999999998
9 0.5062666666666666 0.6175 0.2164 0.18862500000000001
0 0.2275 0.6466 0.33766666666666667 0.265
2 0.34626666666666667 0.84955 0.33276666666666666 0.21545000000000003
1 0.8047 0.08955 0.27386666666666665 0.16454999999999997
8 0.39233333333333337 0.224325 0.20673333333333335 0.08772500000000001