3 0.12178571428571429 0.5999462365591398 0.17403571428571427 0.22951612903225804
1 0.016035714285714285 0.6871505376344086 0.031 0.15919354838709676
4 0.06571428571428571 0.12849462365591396 0.10057142857142858 0.10376344086021506
8 0.18875 0.17709677419354838 0.09960714285714285 0.08897849462365592
13 0.05457142857142857 0.23311827956989248 0.09910714285714285 0.10247311827956988
15 0.3083214285714286 0.23736559139784946 0.12453571428571428 0.11548387096774194
12 0.44399999999999995 0.2804301075268817 0.12203571428571429 0.14774193548387096
2 0.16314285714285715 0.28155913978494623 0.10796428571428572 0.12758064516129033
5 0.03939285714285714 0.3426881720430108 0.07471428571428572 0.13795698924731184
11 0.15228571428571427 0.4173118279569893 0.13682142857142857 0.14650537634408603
7 0.4645357142857143 0.45096774193548383 0.14525000000000002 0.19763440860215054
6 0.029714285714285714 0.49844086021505374 0.05835714285714286 0.20301075268817204
10 0.2993928571428571 0.5229032258064517 0.1542857142857143 0.21870967741935485