13 0.8249 0.3102 0.3203333333333333 0.25587499999999996
9 0.5856 0.31475000000000003 0.16903333333333334 0.192225
12 0.37143333333333334 0.316325 0.2437 0.145375
8 0.11636666666666666 0.32065 0.2305333333333333 0.17675000000000002
15 0.0882 0.49524999999999997 0.15603333333333333 0.216875
1 0.31689999999999996 0.51185 0.30433333333333334 0.22735
3 0.6343666666666666 0.512525 0.3332 0.21507500000000002
7 0.2666 0.727375 0.4001 0.2766
0 0.0443 0.7319249999999999 0.07426666666666668 0.231125
11 0.9111666666666668 0.7399 0.1777 0.269775
6 0.6168 0.1606 0.21323333333333333 0.1112
4 0.39386666666666664 0.17765 0.2037 0.14984999999999998
5 0.15543333333333334 0.177875 0.2299 0.14575