8 0.09093333333333334 0.385225 0.15543333333333334 0.1968
12 0.31689999999999996 0.386575 0.2558666666666667 0.15407500000000002
11 0.5698666666666667 0.407275 0.23446666666666668 0.14545
3 0.8318666666666666 0.41862499999999997 0.24339999999999998 0.1409
1 0.5759000000000001 0.5705 0.29506666666666664 0.19010000000000002
14 0.2793333333333333 0.578025 0.30193333333333333 0.21875
9 0.8924666666666667 0.802625 0.20456666666666665 0.2498
13 0.6055666666666666 0.805125 0.3665333333333333 0.25934999999999997
7 0.19363333333333335 0.216525 0.265 0.1776
5 0.03916666666666667 0.22492499999999999 0.060333333333333336 0.11715
15 0.4602 0.23155 0.24546666666666667 0.2349
0 0.7343333333333334 0.2495 0.2543666666666667 0.220825