3 0.12892857142857142 0.6113978494623656 0.19067857142857142 0.2317741935483871
4 0.07403571428571429 0.13655913978494622 0.11725 0.10193548387096775
4 0.19303571428571428 0.18295698924731182 0.10525 0.10241935483870968
13 0.05203571428571429 0.2353763440860215 0.0970357142857143 0.09801075268817204
15 0.30492857142857144 0.23919354838709678 0.12660714285714286 0.11903225806451613
12 0.4471428571428572 0.28241935483870967 0.13960714285714287 0.12940860215053765
5 0.03939285714285714 0.34338709677419355 0.07471428571428572 0.14376344086021506
14 0.3041785714285714 0.3501075268817205 0.14 0.13032258064516128
9 0.6004999999999999 0.3808064516129032 0.14932142857142858 0.20516129032258063
11 0.14885714285714285 0.4164516129032258 0.15082142857142855 0.15548387096774194
7 0.46049999999999996 0.4536559139784946 0.15803571428571428 0.2209139784946237
10 0.3053571428571429 0.5036021505376345 0.14235714285714285 0.19274193548387097