10 0.6697142857142857 0.6513253012048194 0.12421428571428572 0.2540963855421687
2 0.5211071428571429 0.7156024096385543 0.16557142857142856 0.2719879518072289
8 0.36082142857142857 0.7692168674698795 0.1519285714285714 0.22560240963855424
0 0.7639999999999999 0.13512048192771084 0.13021428571428573 0.21132530120481927
13 0.4123928571428571 0.1708433734939759 0.12489285714285714 0.12210843373493975
4 0.5278571428571429 0.22325301204819278 0.10764285714285715 0.1172289156626506
11 0.3858214285714286 0.29355421686746985 0.1357857142857143 0.1266265060240964
6 0.6459285714285715 0.3297590361445783 0.10835714285714286 0.14722891566265062
14 0.5216428571428572 0.362289156626506 0.12432142857142858 0.13915662650602412
7 0.7756428571428572 0.4205421686746988 0.13232142857142856 0.1619879518072289
5 0.3814642857142857 0.4296987951807229 0.16142857142857145 0.15795180722891566
1 0.6543928571428571 0.4674096385542169 0.12528571428571428 0.1396987951807229
15 0.5216428571428572 0.5082530120481928 0.12432142857142858 0.15445783132530122
12 0.91475 0.5558433734939758 0.12482142857142858 0.20939759036144578
9 0.37089285714285714 0.5723493975903615 0.16142857142857145 0.16204819277108432
3 0.7971785714285714 0.588855421686747 0.14846428571428572 0.2183734939759036