9 0.40517857142857144 0.5470967741935484 0.11878571428571427 0.1524193548387097
2 0.5130357142857143 0.5961827956989247 0.10535714285714286 0.16543010752688173
8 0.42674999999999996 0.7097849462365592 0.11135714285714286 0.16413978494623657
7 0.36428571428571427 0.11865591397849462 0.08164285714285714 0.155752688172043
12 0.4594642857142857 0.14956989247311828 0.08157142857142857 0.13693548387096774
3 0.5471071428571429 0.1946236559139785 0.08717857142857142 0.15086021505376343
11 0.6445357142857143 0.23403225806451614 0.10642857142857143 0.15806451612903225
13 0.37142857142857144 0.25016129032258067 0.09592857142857143 0.13655913978494622
1 0.74375 0.2806451612903226 0.10307142857142856 0.12580645161290321
5 0.47064285714285714 0.2904838709677419 0.10685714285714286 0.14553763440860215
4 0.5737142857142856 0.34317204301075266 0.0957857142857143 0.14779569892473118
3 0.3974285714285714 0.39064516129032256 0.11525 0.1532258064516129
15 0.6753214285714286 0.39338709677419353 0.09957142857142857 0.1586021505376344
14 0.5023214285714286 0.4439784946236559 0.08392857142857142 0.14338709677419356
10 0.59975 0.49666666666666665 0.09128571428571428 0.12774193548387097