1 0.49075555555555556 0.4631 0.07675555555555555 0.0631
9 0.5479333333333333 0.5084666666666666 0.07848888888888889 0.0649
8 0.44293333333333335 0.5126666666666667 0.07293333333333334 0.0778
12 0.6299777777777777 0.5513666666666667 0.08257777777777776 0.07516666666666667
10 0.39257777777777775 0.5551333333333333 0.07888888888888888 0.0605
11 0.5091333333333333 0.5664666666666667 0.07791111111111111 0.08763333333333333
2 0.6940888888888889 0.6038333333333333 0.08935555555555556 0.06986666666666667
15 0.5791777777777778 0.6073666666666667 0.07757777777777777 0.08053333333333333
14 0.46217777777777774 0.6096 0.08180000000000001 0.0761
13 0.33895555555555557 0.6105 0.10795555555555555 0.07786666666666667
7 0.7619111111111111 0.7129666666666666 0.1360888888888889 0.18243333333333334
3 0.25986666666666663 0.7167666666666667 0.13348888888888888 0.17486666666666667
6 0.639 0.7201 0.10953333333333333 0.1753
5 0.5156444444444445 0.7209666666666666 0.11464444444444445 0.1771
4 0.39242222222222223 0.7261000000000001 0.11708888888888888 0.18463333333333334
0 0.49062222222222224 0.1428 0.07942222222222223 0.12026666666666666