11 0.9475333333333333 0.4182 0.10496666666666667 0.22182500000000002
7 0.7297666666666667 0.427275 0.33613333333333334 0.20365
12 0.4171666666666667 0.447975 0.2685 0.2314
8 0.12793333333333334 0.45637500000000003 0.2558666666666667 0.2073
3 0.9656999999999999 0.6487 0.0686 0.182875
1 0.7558333333333334 0.6805500000000001 0.3761333333333333 0.26475000000000004
14 0.4065666666666667 0.6901 0.28973333333333334 0.25655
15 0.1291 0.70125 0.24386666666666665 0.256125
0 0.11183333333333333 0.90705 0.2154 0.1859
9 0.4108 0.908175 0.33453333333333335 0.183625
10 0.8039999999999999 0.9184 0.38153333333333334 0.1632
6 0.7107 0.2213 0.2919333333333333 0.218975
4 0.4217 0.238825 0.25939999999999996 0.1949
5 0.1497 0.24789999999999998 0.2608 0.21309999999999998