15 0.13078431372549018 0.6029901960784314 0.22558823529411767 0.17872549019607845
3 0.6242647058823529 0.6075 0.2032843137254902 0.2175
4 0.8660294117647058 0.6121568627450981 0.2136764705882353 0.21838235294117644
2 0.3669607843137255 0.6124019607843137 0.20068627450980392 0.21455882352941177
6 0.618578431372549 0.8509313725490196 0.20799019607843136 0.23558823529411765
7 0.37549019607843137 0.8611764705882353 0.2035294117647059 0.20490196078431372
0 0.12544117647058822 0.8652450980392157 0.1765686274509804 0.20019607843137258
5 0.8754901960784314 0.8654411764705883 0.2146078431372549 0.21343137254901962
10 0.8590686274509803 0.12588235294117647 0.19117647058823528 0.23897058823529413
8 0.3669607843137255 0.1284313725490196 0.1973529411764706 0.19294117647058823
9 0.6081862745098039 0.13377450980392155 0.19568627450980394 0.2334313725490196
1 0.12686274509803921 0.1425 0.21348039215686274 0.21254901960784314
13 0.3720588235294118 0.3650980392156863 0.18387254901960784 0.21441176470588236
11 0.8629411764705882 0.37166666666666665 0.19995098039215686 0.21480392156862746
14 0.1363235294117647 0.3759313725490196 0.21112745098039215 0.20627450980392156
12 0.6220098039215687 0.3766176470588235 0.19784313725490196 0.22887254901960782