3 0.6414215686274509 0.6255882352941177 0.21534313725490195 0.24950980392156863
2 0.37323529411764705 0.6330882352941177 0.2246078431372549 0.2516666666666667
4 0.883921568627451 0.639264705882353 0.2044607843137255 0.2256372549019608
15 0.10779411764705882 0.6411764705882353 0.20519607843137255 0.22519607843137254
7 0.6415686274509804 0.888235294117647 0.22838235294117648 0.21215686274509804
5 0.11441176470588235 0.8886764705882353 0.22176470588235295 0.2044607843137255
0 0.8855882352941177 0.8899509803921569 0.21107843137254903 0.19848039215686275
6 0.37230392156862746 0.8950980392156862 0.20995098039215684 0.20872549019607842
1 0.11029411764705882 0.10901960784313725 0.21681372549019606 0.20102941176470587
8 0.3710294117647059 0.10926470588235293 0.2225 0.19720588235294115
10 0.8789215686274511 0.11137254901960784 0.21107843137254903 0.20995098039215684
9 0.627107843137255 0.11754901960784314 0.2175 0.21808823529411767
13 0.6257843137254901 0.3652941176470588 0.23333333333333334 0.22759803921568628
14 0.8830882352941177 0.3687254901960784 0.2160294117647059 0.2514705882352941
11 0.1217156862745098 0.3756862745098039 0.2434313725490196 0.22308823529411764
12 0.37029411764705883 0.3757352941176471 0.22387254901960785 0.22720588235294117