13 0.3048 0.270625 0.18316666666666667 0.13125
5 0.10606666666666667 0.276075 0.1736 0.124
14 0.7028333333333333 0.28517499999999996 0.19136666666666666 0.1058
8 0.5062333333333333 0.287 0.16786666666666666 0.127625
1 0.8997333333333334 0.28905000000000003 0.18516666666666665 0.12717499999999998
15 0.15273333333333333 0.37884999999999996 0.2305333333333333 0.1295
2 0.39353333333333335 0.38520000000000004 0.2333666666666667 0.12405
12 0.6134666666666666 0.3884 0.20536666666666667 0.12862500000000002
3 0.49956666666666666 0.5032 0.21513333333333334 0.1464
7 0.2451 0.50365 0.26376666666666665 0.156425
0 0.7346333333333332 0.517975 0.22466666666666668 0.171425
11 0.34113333333333334 0.67235 0.28006666666666663 0.1938
9 0.6337666666666667 0.678725 0.27140000000000003 0.21017499999999997