0 0.2584868421052632 0.4861196581196581 0.022057416267942585 0.06837606837606838
1 0.6606997607655503 0.3995726495726496 0.01831937799043062 0.057692307692307696
8 0.6784569377990431 0.4171965811965812 0.017942583732057416 0.05663247863247864
9 0.6765849282296651 0.3792820512820513 0.01644736842105263 0.049145299145299144
10 0.6954605263157895 0.4337606837606838 0.017571770334928228 0.05555555555555555
11 0.693409090909091 0.3712649572649573 0.01644736842105263 0.054495726495726496
14 0.694342105263158 0.4001025641025641 0.017571770334928228 0.05235897435897436
12 0.7134031100478468 0.45246153846153847 0.0205622009569378 0.058769230769230775
13 0.7120992822966508 0.4171965811965812 0.019437799043062202 0.050222222222222224
15 0.710604066985646 0.38569230769230767 0.017942583732057416 0.04700854700854701
2 0.7094796650717703 0.35683760683760685 0.017942583732057416 0.05128205128205128
3 0.7319078947368421 0.46902564102564104 0.019437799043062202 0.05555555555555555
4 0.7305980861244019 0.4337606837606838 0.017571770334928228 0.053418803418803416
5 0.7289174641148325 0.4006495726495726 0.017194976076555023 0.04700854700854701
6 0.725927033492823 0.3696581196581197 0.017942583732057416 0.04700854700854701
7 0.7238696172248803 0.34135042735042737 0.016824162679425835 0.045948717948717945