1 0.279053007742704 0.2208381171067738 0.01716497915425849 0.037818599311136625
0 0.3391363907087552 0.29614236509758896 0.01961882072662299 0.042548794489092996
3 0.29814770696843357 0.3191044776119403 0.01681953543776057 0.04119402985074627
2 0.26013103037522334 0.513272101033295 0.022775461584276357 0.04456946039035591
7 0.21668850506253723 0.3410562571756602 0.019970220369267423 0.03917336394948335
9 0.43513400833829663 0.22928817451205513 0.01681953543776057 0.03714121699196326
11 0.486986301369863 0.21104477611940298 0.01821917808219178 0.03714121699196326
6 0.5032757593805837 0.18808266360505166 0.01716497915425849 0.03714121699196326
5 0.46316259678379984 0.4062227324913892 0.02172126265634306 0.04119402985074627
14 0.5726444312090531 0.32585533869115957 0.020673019654556285 0.04119402985074627
4 0.8042227516378797 0.17997703788748565 0.01716497915425849 0.03579793340987371
13 0.8278737343656939 0.4302066590126291 0.020321620011911852 0.04187141216991963
12 0.746593210244193 0.4764638346727899 0.0210184633710542 0.04524684270952927
15 0.7152352590827874 0.31370838117106775 0.019970220369267423 0.042548794489092996
8 0.4099106611078023 0.47578645235361655 0.02172126265634306 0.04524684270952927
10 0.4847051816557475 0.5156371986222733 0.022775461584276357 0.04794489092996555