0 0.80810546875 0.6317401960784313 0.0634765625 0.0428921568627451
3 0.8015950520833334 0.7095588235294118 0.0634765625 0.049019607843137254
4 0.3076171875 0.44485294117647056 0.048828125 0.03431372549019608
14 0.6157779947916667 0.4215686274509804 0.040146484375 0.03022794117647059
13 0.42263346354166664 0.3684632352941176 0.034723307291666665 0.02696078431372549
15 0.5026595052083334 0.4117647058823529 0.038518880208333335 0.029411764705882353
11 0.302734375 0.3656053921568628 0.035807291666666664 0.02696078431372549
7 0.679794921875 0.3102524509803921 0.029296875 0.02410049019607843
12 0.7667838541666666 0.38902450980392156 0.03616861979166667 0.027504901960784315
10 0.7644303385416666 0.37745098039215685 0.035807291666666664 0.026144607843137255
5 0.7646126302083333 0.3631544117647059 0.03616861979166667 0.02260294117647059
2 0.7033072916666666 0.26511519607843137 0.025680338541666667 0.02097058823529412
1 0.650498046875 0.2687916666666667 0.027125651041666667 0.02124264705882353
9 0.6394661458333334 0.2514975490196078 0.026764322916666666 0.019879901960784315
8 0.5456087239583333 0.22766911764705883 0.025680338541666667 0.02069607843137255