8 0.42670247395833333 0.15318627450980393 0.027669270833333332 0.02124264705882353
9 0.53955078125 0.17136519607843137 0.026585286458333333 0.02164950980392157
1 0.5631510416666666 0.18872549019607843 0.029296875 0.022875
2 0.6098079427083333 0.1811691176470588 0.027125651041666667 0.023284313725490197
7 0.6222884114583334 0.22814460784313725 0.032552083333333336 0.024919117647058824
13 0.41232747395833336 0.3125 0.037978515625 0.02859558823529412
11 0.2799479166666667 0.3218946078431372 0.042317708333333336 0.03267892156862746
15 0.523818359375 0.3366004901960784 0.039606119791666665 0.031862745098039214
14 0.6570084635416666 0.3392573529411765 0.0390625 0.03145343137254902
4 0.35346028645833333 0.4068627450980392 0.048284505208333335 0.03512990196078432
5 0.7394759114583334 0.2736936274509804 0.035807291666666664 0.025325980392156864
10 0.748154296875 0.2857426470588235 0.035807291666666664 0.024919117647058824
12 0.758193359375 0.2975906862745098 0.035263671875 0.027370098039215685
0 0.962998046875 0.5185857843137255 0.05859375 0.04207598039215686
3 0.9890950520833334 0.5896642156862745 0.021809895833333332 0.043708333333333335