1 0.49502278645833336 0.5493700980392157 0.03859700520833333 0.03081127450980392
9 0.5254850260416667 0.5926127450980393 0.04185221354166666 0.03256372549019608
2 0.3829524739583334 0.573703431372549 0.04417643229166667 0.03046323529411765
13 0.6326725260416667 0.4156151960784314 0.026507161458333334 0.020308823529411765
11 0.721494140625 0.4115906862745098 0.027438151041666668 0.020659313725490198
4 0.641044921875 0.37745098039215685 0.025576171874999998 0.018208333333333333
14 0.509208984375 0.3858553921568627 0.024182942708333335 0.0196078431372549
7 0.44247721354166664 0.48441911764705886 0.033948567708333335 0.025561274509803923
8 0.74474609375 0.6563382352941177 0.04975911458333334 0.03746568627450981
6 0.26801106770833333 0.33570343137254904 0.021266276041666667 0.016830882352941178
0 0.37510742187499996 0.3448529411764706 0.020615234375 0.016176470588235296
3 0.38324544270833333 0.33455882352941174 0.01996419270833333 0.015850490196078433