6 0.190551912568306 0.30376068376068377 0.017010928961748634 0.04943019943019943
1 0.2263879781420765 0.1927065527065527 0.017060109289617487 0.04643874643874644
15 0.29824043715846993 0.22943019943019943 0.02018032786885246 0.049145299145299144
10 0.5999180327868852 0.23683760683760682 0.01906010928961749 0.04820512820512821
11 0.5456338797814207 0.3478917378917379 0.020967213114754097 0.052535612535612536
15 0.7124972677595628 0.41994301994301997 0.021049180327868854 0.05990028490028489
11 0.7585901639344262 0.5750854700854701 0.022185792349726778 0.0579059829059829
13 0.5482349726775956 0.41908831908831906 0.019956284153005467 0.05541310541310541
12 0.1477322404371585 0.5443447293447293 0.019677595628415298 0.0547008547008547
8 0.43021857923497264 0.2800854700854701 0.019775956284153004 0.049415954415954415
5 0.7646775956284152 0.523062678062678 0.02115846994535519 0.05794871794871795
3 0.7219344262295082 0.5281339031339032 0.022103825136612024 0.06103988603988604
2 0.6376939890710382 0.4937037037037037 0.023120218579234974 0.06494301994301994
7 0.6989726775956283 0.6556695156695156 0.023010928961748632 0.06495726495726496
4 0.8106338797814208 0.2076923076923077 0.01762295081967213 0.04923076923076923
0 0.6172404371584699 0.507065527065527 0.021612021857923495 0.061153846153846156